2363
30	128	3	100	3000	0.000015
32	128	3	100	21000	0.000062
14	128	3	100	10000	0.000071
46	128	3	100	3000	0.000079
0	128	3	100	23000	0.000089
62	128	3	100	4000	0.000095
62	128	3	100	8000	0.000111
16	128	3	100	2000	0.000119
30	128	3	100	17000	0.000151
32	128	3	100	8000	0.000158
48	128	3	100	5000	0.000178
16	128	3	100	39000	0.00021
0	128	3	100	6000	0.000211
30	128	3	100	5000	0.000231
48	128	3	100	5000	0.000244
30	128	3	100	8000	0.000278
48	128	3	100	4000	0.000319
32	128	3	100	15000	0.000407
48	128	3	100	9000	0.000435
64	128	3	100	4000	0.000454
16	128	3	100	135000	0.000487
62	128	3	100	1000	0.000495
16	128	3	100	14000	0.000521
62	128	3	100	2000	0.000557
62	128	3	100	5000	0.000584
16	128	3	100	121000	0.000605
64	128	3	100	1000	0.000607
62	128	3	100	7000	0.000616
64	128	3	100	4000	0.000639
32	128	3	100	5000	0.000671
48	128	3	100	2000	0.000679
30	128	3	100	8000	0.000692
16	128	3	100	21000	0.00073
0	128	3	100	3000	0.000744
0	128	3	100	6000	0.000753
32	128	3	100	3000	0.000761
30	128	3	100	6000	0.000797
62	128	3	100	19000	0.000854
0	128	3	100	4000	0.000877
16	128	3	100	24000	0.000884
32	128	3	100	34000	0.000969
48	128	3	100	10000	0.000987
64	128	3	100	12000	0.000994
112	128	3	100	232000	0.001015
32	128	3	100	7000	0.001017
0	128	3	100	11000	0.001022
48	128	3	100	3000	0.001024
62	128	3	100	21000	0.00105
32	128	3	100	4000	0.00106
30	128	3	100	1000	0.001087
48	128	3	100	1000	0.001185
0	128	3	100	21000	0.001204
30	128	3	100	1000	0.001206
46	128	3	100	3000	0.001213
112	128	3	100	4000	0.001241
62	128	3	100	5000	0.001264
62	128	3	100	189000	0.001295
48	128	3	100	25000	0.001338
30	128	3	100	4000	0.001411
112	128	3	100	4000	0.001426
64	128	3	100	3000	0.001455
32	128	3	100	15000	0.001519
112	128	3	100	169000	0.001572
48	128	3	100	31000	0.00161
32	128	3	100	7000	0.001626
16	128	3	100	28000	0.001637
112	128	3	100	3000	0.001643
46	128	3	100	2000	0.001669
112	128	3	100	6000	0.001671
64	128	3	100	9000	0.001727
112	128	3	100	3000	0.001752
112	128	3	100	20000	0.001811
0	128	3	100	9000	0.001827
46	128	3	100	1000	0.001853
48	128	3	100	2000	0.001874
46	128	3	100	3000	0.001888
0	128	3	100	11000	0.001917
16	128	3	100	31000	0.001955
16	128	3	100	31000	0.002001
112	128	3	100	6000	0.002016
112	128	3	100	3000	0.002037
32	128	3	100	2000	0.002067
0	128	3	100	2000	0.002098
32	128	3	100	27000	0.002118
62	128	3	100	1000	0.002126
48	128	3	100	20000	0.002151
112	128	3	100	18000	0.002174
112	128	3	100	4000	0.002175
62	128	3	100	9000	0.002175
64	128	3	100	30000	0.00225
0	128	3	100	2000	0.002259
16	128	3	100	24000	0.002284
30	128	3	100	15000	0.00231
46	128	3	100	9000	0.002333
48	128	3	100	9000	0.002357
30	128	3	100	14000	0.002382
48	128	3	100	20000	0.00239
62	128	3	100	10000	0.002407
62	128	3	100	11000	0.002421
0	128	3	100	20000	0.002474
48	128	3	100	21000	0.002511
64	128	3	100	13000	0.002518
112	128	3	100	1000	0.00253
30	128	3	100	2000	0.002564
0	128	3	100	2000	0.002618
30	128	3	100	7000	0.002654
46	128	3	100	3000	0.002689
32	128	3	100	2000	0.002704
64	128	3	100	4000	0.002723
62	128	3	100	4000	0.002725
30	128	3	100	4000	0.002767
62	128	3	100	6000	0.002786
48	128	3	100	10000	0.002798
30	128	3	100	5000	0.002836
0	128	3	100	27000	0.002853
112	128	3	100	8000	0.002906
30	128	3	100	18000	0.002957
0	128	3	100	3000	0.00301
0	128	3	100	7000	0.003025
32	128	3	100	12000	0.003056
64	128	3	100	8000	0.003095
46	128	3	100	1000	0.003104
16	128	3	100	145000	0.003191
62	128	3	100	10000	0.003225
0	128	3	100	1000	0.003248
0	128	3	100	3000	0.003255
16	128	3	100	224000	0.003322
32	128	3	100	10000	0.003359
32	128	3	100	4000	0.003392
16	128	3	100	4000	0.003436
16	128	3	100	375000	0.003487
32	128	3	100	7000	0.003497
62	128	3	100	11000	0.003513
62	128	3	100	24000	0.003527
32	128	3	100	1000	0.003564
30	128	3	100	8000	0.003565
16	128	3	100	73000	0.00357
30	128	3	100	31000	0.003632
46	128	3	100	9000	0.003687
16	128	3	100	12000	0.003689
30	128	3	100	23000	0.003738
16	128	3	100	281000	0.003744
46	128	3	100	6000	0.003752
64	128	3	100	2000	0.003755
32	128	3	100	36000	0.003778
32	128	3	100	3000	0.00383
0	128	3	100	6000	0.003835
14	128	3	100	25000	0.003843
16	128	3	100	3000	0.003856
62	128	3	100	9000	0.003863
112	128	3	100	18000	0.003878
16	128	3	100	5000	0.003897
46	128	3	100	8000	0.003935
62	128	3	100	267000	0.00398
0	128	3	100	13000	0.003989
30	128	3	100	11000	0.004016
46	128	3	100	4000	0.004023
46	128	3	100	5000	0.004026
16	128	3	100	25000	0.004028
46	128	3	100	13000	0.004071
64	128	3	100	5000	0.004073
16	128	3	100	4000	0.004078
30	128	3	100	21000	0.004084
46	128	3	100	7000	0.004104
32	128	3	100	5000	0.004107
0	128	3	100	3000	0.004114
64	128	3	100	2000	0.00412
14	128	3	100	3000	0.004125
112	128	3	100	8000	0.004127
112	128	3	100	8000	0.00413
16	128	3	100	4000	0.004133
32	128	3	100	9000	0.004149
64	128	3	100	6000	0.00418
112	128	3	100	1000	0.004195
62	128	3	100	148000	0.004212
112	128	3	100	24000	0.004237
62	128	3	100	3000	0.004274
14	128	3	100	20000	0.004292
46	128	3	100	27000	0.004299
0	128	3	100	2000	0.004307
64	128	3	100	10000	0.004311
32	128	3	100	19000	0.004317
14	128	3	100	12000	0.004327
46	128	3	100	2000	0.00433
14	128	3	100	1000	0.004331
62	128	3	100	8000	0.004348
62	128	3	100	10000	0.004366
64	128	3	100	4000	0.004371
46	128	3	100	2000	0.004374
62	128	3	100	4000	0.004376
112	128	3	100	5000	0.004381
62	128	3	100	7000	0.004393
64	128	3	100	1000	0.004398
14	128	3	100	5000	0.004425
46	128	3	100	7000	0.00443
14	128	3	100	20000	0.004449
64	128	3	100	5000	0.00445
112	128	3	100	3000	0.004464
0	128	3	100	1000	0.004467
62	128	3	100	3000	0.004475
30	128	3	100	39000	0.004496
62	128	3	100	2000	0.004503
64	128	3	100	8000	0.004511
112	128	3	100	6000	0.004514
16	128	3	100	2000	0.004517
48	128	3	100	3000	0.00453
32	128	3	100	2000	0.004569
0	128	3	100	6000	0.004589
64	128	3	100	6000	0.004594
16	128	3	100	10000	0.004606
16	128	3	100	6000	0.004618
46	128	3	100	3000	0.004659
32	128	3	100	2000	0.004661
0	128	3	100	7000	0.004699
64	128	3	100	5000	0.00471
16	128	3	100	1000	0.004715
32	128	3	100	1000	0.004732
48	128	3	100	3000	0.004761
32	128	3	100	6000	0.00477
16	128	3	100	6000	0.004798
48	128	3	100	2000	0.004806
0	128	3	100	4000	0.004831
0	128	3	100	2000	0.004846
46	128	3	100	17000	0.004862
30	128	3	100	2000	0.004868
30	128	3	100	8000	0.004915
14	128	3	100	8000	0.004924
48	128	3	100	8000	0.004974
30	128	3	100	5000	0.005001
30	128	3	100	2000	0.005007
64	128	3	100	28000	0.005033
14	128	3	100	27000	0.005049
32	128	3	100	8000	0.005053
16	128	3	100	7000	0.005085
0	128	3	100	5000	0.005112
14	128	3	100	23000	0.005116
30	128	3	100	12000	0.005155
30	128	3	100	46000	0.005157
112	128	3	100	9000	0.005178
112	128	3	100	58000	0.005182
14	128	3	100	4000	0.005212
62	128	3	100	330000	0.005222
32	128	3	100	2000	0.005228
0	128	3	100	5000	0.005232
32	128	3	100	7000	0.005237
0	128	3	100	25000	0.005243
0	128	3	100	10000	0.005245
62	128	3	100	223000	0.005256
62	128	3	100	8000	0.005273
14	128	3	100	6000	0.005287
16	128	3	100	20000	0.005342
30	128	3	100	49000	0.005343
64	128	3	100	3000	0.00535
30	128	3	100	2000	0.005351
64	128	3	100	9000	0.005363
46	128	3	100	8000	0.005367
62	128	3	100	5000	0.005379
30	128	3	100	50000	0.0054
14	128	3	100	10000	0.005407
112	128	3	100	13000	0.005442
48	128	3	100	3000	0.005445
46	128	3	100	4000	0.005454
64	128	3	100	12000	0.005472
32	128	3	100	6000	0.005476
64	128	3	100	7000	0.005484
64	128	3	100	8000	0.005495
62	128	3	100	11000	0.005567
32	128	3	100	7000	0.005567
30	128	3	100	10000	0.005569
0	128	3	100	4000	0.005574
48	128	3	100	2000	0.005588
30	128	3	100	3000	0.005597
48	128	3	100	12000	0.005598
48	128	3	100	6000	0.005602
16	128	3	100	3000	0.005603
64	128	3	100	14000	0.005613
30	128	3	100	2000	0.005617
30	128	3	100	8000	0.005622
48	128	3	100	4000	0.005637
46	128	3	100	21000	0.005664
46	128	3	100	2000	0.00567
64	128	3	100	2000	0.00568
64	128	3	100	5000	0.005686
48	128	3	100	4000	0.005687
64	128	3	100	9000	0.005692
62	128	3	100	4000	0.005714
46	128	3	100	4000	0.005753
14	128	3	100	31000	0.005757
16	128	3	100	288000	0.005763
30	128	3	100	1000	0.005765
32	128	3	100	7000	0.005773
62	128	3	100	5000	0.005777
112	128	3	100	1000	0.005782
14	128	3	100	14000	0.005804
0	128	3	100	9000	0.005823
16	128	3	100	9000	0.005836
30	128	3	100	8000	0.005851
32	128	3	100	6000	0.005856
32	128	3	100	4000	0.005893
16	128	3	100	18000	0.005922
32	128	3	100	23000	0.00593
0	128	3	100	6000	0.005947
64	128	3	100	17000	0.005948
46	128	3	100	6000	0.005949
46	128	3	100	6000	0.00595
14	128	3	100	9000	0.005961
48	128	3	100	2000	0.005992
48	128	3	100	3000	0.005994
64	128	3	100	7000	0.006003
112	128	3	100	5000	0.006053
0	128	3	100	6000	0.006067
48	128	3	100	11000	0.006114
30	128	3	100	8000	0.006162
48	128	3	100	13000	0.006189
16	128	3	100	18000	0.006216
14	128	3	100	1000	0.006242
48	128	3	100	17000	0.006268
62	128	3	100	8000	0.006285
62	128	3	100	27000	0.006317
32	128	3	100	7000	0.006348
16	128	3	100	2000	0.006364
48	128	3	100	6000	0.006366
16	128	3	100	1000	0.006412
64	128	3	100	11000	0.006422
64	128	3	100	30000	0.006425
14	128	3	100	3000	0.006481
62	128	3	100	24000	0.006499
30	128	3	100	37000	0.006533
48	128	3	100	9000	0.006549
30	128	3	100	6000	0.006551
46	128	3	100	3000	0.006568
32	128	3	100	10000	0.006568
0	128	3	100	9000	0.006597
30	128	3	100	12000	0.006644
32	128	3	100	47000	0.006654
48	128	3	100	21000	0.006658
112	128	3	100	7000	0.006674
112	128	3	100	9000	0.006679
62	128	3	100	4000	0.006689
14	128	3	100	8000	0.006718
62	128	3	100	4000	0.006719
48	128	3	100	13000	0.006722
30	128	3	100	293000	0.006727
62	128	3	100	5000	0.006752
16	128	3	100	24000	0.00679
32	128	3	100	18000	0.006811
14	128	3	100	5000	0.006816
0	128	3	100	1000	0.006827
32	128	3	100	21000	0.00683
16	128	3	100	2000	0.006851
0	128	3	100	2000	0.006853
46	128	3	100	3000	0.006878
0	128	3	100	6000	0.006911
46	128	3	100	20000	0.006933
112	128	3	100	331000	0.006963
16	128	3	100	3000	0.007015
64	128	3	100	8000	0.007048
46	128	3	100	40000	0.007079
112	128	3	100	3000	0.007093
16	128	3	100	10000	0.007134
0	128	3	100	11000	0.007143
16	128	3	100	7000	0.007159
16	128	3	100	5000	0.007172
62	128	3	100	4000	0.007178
62	128	3	100	19000	0.007179
14	128	3	100	2000	0.00718
46	128	3	100	1000	0.007182
16	128	3	100	21000	0.007186
62	128	3	100	6000	0.007199
0	128	3	100	18000	0.007247
112	128	3	100	8000	0.007274
14	128	3	100	37000	0.007275
48	128	3	100	13000	0.007355
64	128	3	100	33000	0.007365
46	128	3	100	6000	0.007373
32	128	3	100	12000	0.007377
64	128	3	100	21000	0.007391
30	128	3	100	4000	0.007401
64	128	3	100	2000	0.007414
32	128	3	100	49000	0.007425
46	128	3	100	7000	0.007442
14	128	3	100	12000	0.007444
62	128	3	100	13000	0.007471
48	128	3	100	2000	0.007481
30	128	3	100	346000	0.007487
112	128	3	100	14000	0.007497
48	128	3	100	15000	0.007516
46	128	3	100	3000	0.007516
30	128	3	100	6000	0.007522
46	128	3	100	24000	0.00755
0	128	3	100	5000	0.007552
62	128	3	100	1000	0.007569
62	128	3	100	8000	0.007575
48	128	3	100	3000	0.007575
0	128	3	100	18000	0.007601
48	128	3	100	5000	0.007621
32	128	3	100	3000	0.007623
48	128	3	100	8000	0.007653
0	128	3	100	3000	0.007662
16	128	3	100	10000	0.007678
32	128	3	100	5000	0.007682
30	128	3	100	8000	0.007712
62	128	3	100	5000	0.007717
0	128	3	100	40000	0.007719
32	128	3	100	169000	0.007742
112	128	3	100	17000	0.007764
48	128	3	100	3000	0.007765
16	128	3	100	15000	0.007777
48	128	3	100	20000	0.007803
32	128	3	100	4000	0.007807
46	128	3	100	4000	0.007812
62	128	3	100	3000	0.007824
32	128	3	100	4000	0.007826
48	128	3	100	13000	0.007862
14	128	3	100	13000	0.007867
48	128	3	100	1000	0.007869
30	128	3	100	11000	0.007891
14	128	3	100	1000	0.007894
30	128	3	100	4000	0.007915
14	128	3	100	13000	0.007917
32	128	3	100	67000	0.007944
62	128	3	100	19000	0.00796
46	128	3	100	4000	0.007963
30	128	3	100	2000	0.007969
16	128	3	100	23000	0.008002
16	128	3	100	7000	0.00801
112	128	3	100	2000	0.008024
48	128	3	100	4000	0.008026
30	128	3	100	2000	0.008036
30	128	3	100	16000	0.008048
112	128	3	100	5000	0.008055
46	128	3	100	10000	0.008064
30	128	3	100	6000	0.008072
112	128	3	100	3000	0.008085
0	128	3	100	2000	0.008089
32	128	3	100	197000	0.008108
32	128	3	100	2000	0.008109
64	128	3	100	10000	0.008134
0	128	3	100	2000	0.008138
16	128	3	100	4000	0.008143
0	128	3	100	21000	0.0082
32	128	3	100	9000	0.008203
16	128	3	100	7000	0.008206
0	128	3	100	10000	0.008206
14	128	3	100	9000	0.008207
112	128	3	100	7000	0.008222
64	128	3	100	15000	0.008231
62	128	3	100	4000	0.008248
30	128	3	100	5000	0.008251
112	128	3	100	19000	0.008297
14	128	3	100	15000	0.008315
46	128	3	100	2000	0.008316
16	128	3	100	8000	0.008336
112	128	3	100	6000	0.008351
112	128	3	100	9000	0.008384
46	128	3	100	10000	0.008391
46	128	3	100	6000	0.008426
46	128	3	100	13000	0.008434
14	128	3	100	6000	0.00848
32	128	3	100	2000	0.008506
0	128	3	100	11000	0.008535
14	128	3	100	4000	0.008542
32	128	3	100	14000	0.008583
30	128	3	100	2000	0.008597
30	128	3	100	17000	0.008613
48	128	3	100	41000	0.00865
64	128	3	100	28000	0.008653
16	128	3	100	7000	0.008686
32	128	3	100	22000	0.00869
62	128	3	100	10000	0.008695
112	128	3	100	3000	0.008696
46	128	3	100	7000	0.008704
14	128	3	100	2000	0.008747
32	128	3	100	2000	0.008769
30	128	3	100	13000	0.008804
30	128	3	100	5000	0.008843
62	128	3	100	25000	0.008872
14	128	3	100	15000	0.008888
46	128	3	100	7000	0.008917
14	128	3	100	12000	0.008945
46	128	3	100	6000	0.008985
62	128	3	100	19000	0.009004
64	128	3	100	11000	0.009011
64	128	3	100	3000	0.009025
64	128	3	100	4000	0.0091
30	128	3	100	2000	0.009109
62	128	3	100	8000	0.009133
62	128	3	100	11000	0.009163
16	128	3	100	1000	0.009188
32	128	3	100	518000	0.009189
112	128	3	100	14000	0.009213
14	128	3	100	13000	0.009249
16	128	3	100	5000	0.009256
32	128	3	100	6000	0.009262
30	128	3	100	8000	0.009281
14	128	3	100	17000	0.009316
64	128	3	100	4000	0.009337
64	128	3	100	32000	0.009353
112	128	3	100	1000	0.009354
62	128	3	100	6000	0.009386
64	128	3	100	5000	0.009413
64	128	3	100	8000	0.009416
16	128	3	100	11000	0.009427
46	128	3	100	5000	0.009431
32	128	3	100	10000	0.009459
14	128	3	100	3000	0.009461
0	128	3	100	20000	0.009492
112	128	3	100	2000	0.009493
32	128	3	100	442000	0.009505
0	128	3	100	4000	0.009515
32	128	3	100	1000	0.009516
0	128	3	100	2000	0.009516
112	128	3	100	3000	0.009571
112	128	3	100	5000	0.009602
46	128	3	100	25000	0.009612
112	128	3	100	4000	0.009626
14	128	3	100	11000	0.009637
32	128	3	100	2000	0.00966
46	128	3	100	2000	0.009661
112	128	3	100	5000	0.009709
46	128	3	100	4000	0.009724
0	128	3	100	12000	0.009734
64	128	3	100	4000	0.009773
30	128	3	100	4000	0.009779
112	128	3	100	12000	0.009786
112	128	3	100	4000	0.009788
32	128	3	100	8000	0.009803
46	128	3	100	5000	0.009862
14	128	3	100	16000	0.009863
48	128	3	100	5000	0.009881
14	128	3	100	5000	0.009888
46	128	3	100	4000	0.009899
46	128	3	100	20000	0.009901
64	128	3	100	12000	0.009903
48	128	3	100	276000	0.009908
32	128	3	100	3000	0.009966
32	128	3	100	11000	0.009976
112	128	3	100	9000	0.009983
14	128	3	100	3000	0.010019
46	128	3	100	5000	0.010022
112	128	3	100	16000	0.010044
16	128	3	100	12000	0.01005
14	128	3	100	7000	0.010056
16	128	3	100	4000	0.010063
16	128	3	100	8000	0.010081
30	128	3	100	13000	0.010089
48	128	3	100	7000	0.010096
0	128	3	100	5000	0.010103
30	128	3	100	3000	0.010117
32	128	3	100	17000	0.010143
48	128	3	100	285000	0.010145
64	128	3	100	4000	0.010161
16	128	3	100	12000	0.010197
0	128	3	100	3000	0.010203
32	128	3	100	13000	0.01021
14	128	3	100	19000	0.010247
30	128	3	100	5000	0.010262
0	128	3	100	10000	0.010304
32	128	3	100	17000	0.010327
48	128	3	100	31000	0.01034
14	128	3	100	7000	0.010376
112	128	3	100	10000	0.010392
30	128	3	100	5000	0.010399
64	128	3	100	14000	0.01045
48	128	3	100	102000	0.010458
46	128	3	100	8000	0.010489
0	128	3	100	31000	0.010533
0	128	3	100	20000	0.010575
16	128	3	100	15000	0.010577
48	128	3	100	115000	0.010617
112	128	3	100	6000	0.010628
112	128	3	100	2000	0.010634
32	128	3	100	3000	0.010641
30	128	3	100	1000	0.010651
14	128	3	100	3000	0.010656
30	128	3	100	5000	0.010668
0	128	3	100	24000	0.010673
0	128	3	100	4000	0.01069
32	128	3	100	4000	0.010699
14	128	3	100	1000	0.010699
48	128	3	100	9000	0.010702
16	128	3	100	8000	0.010705
48	128	3	100	12000	0.010712
46	128	3	100	10000	0.010723
32	128	3	100	21000	0.010759
112	128	3	100	5000	0.010761
16	128	3	100	4000	0.010776
16	128	3	100	6000	0.010776
64	128	3	100	7000	0.010788
16	128	3	100	2000	0.010795
112	128	3	100	12000	0.010822
112	128	3	100	2000	0.010833
48	128	3	100	10000	0.010874
0	128	3	100	2000	0.010876
16	128	3	100	11000	0.010903
46	128	3	100	18000	0.010909
48	128	3	100	179000	0.010929
16	128	3	100	5000	0.01095
30	128	3	100	15000	0.010958
30	128	3	100	12000	0.010966
112	128	3	100	4000	0.010986
48	128	3	100	5000	0.01099
48	128	3	100	212000	0.011024
14	128	3	100	9000	0.011024
16	128	3	100	1000	0.011029
14	128	3	100	9000	0.011046
16	128	3	100	8000	0.011058
0	128	3	100	5000	0.011082
0	128	3	100	25000	0.011114
46	128	3	100	14000	0.011127
0	128	3	100	2000	0.011129
64	128	3	100	11000	0.011135
30	128	3	100	4000	0.011153
14	128	3	100	7000	0.011153
16	128	3	100	4000	0.011156
112	128	3	100	3000	0.011161
64	128	3	100	4000	0.011195
64	128	3	100	2000	0.011196
112	128	3	100	2000	0.011201
16	128	3	100	8000	0.011241
0	128	3	100	53000	0.01127
0	128	3	100	4000	0.011277
48	128	3	100	31000	0.011288
32	128	3	100	7000	0.011293
16	128	3	100	17000	0.011307
32	128	3	100	3000	0.011314
14	128	3	100	9000	0.011334
112	128	3	100	16000	0.011384
32	128	3	100	23000	0.011478
48	128	3	100	5000	0.011492
14	128	3	100	109000	0.011522
30	128	3	100	11000	0.011537
0	128	3	100	19000	0.01154
46	128	3	100	5000	0.011549
30	128	3	100	7000	0.01163
48	128	3	100	16000	0.011638
30	128	3	100	4000	0.011664
30	128	3	100	2000	0.01171
30	128	3	100	8000	0.011767
14	128	3	100	17000	0.011779
30	128	3	100	17000	0.011865
46	128	3	100	19000	0.011891
14	128	3	100	146000	0.011892
64	128	3	100	4000	0.011906
14	128	3	100	86000	0.011996
30	128	3	100	15000	0.01201
30	128	3	100	27000	0.012037
14	128	3	100	65000	0.012065
0	128	3	100	11000	0.012087
30	128	3	100	21000	0.012091
0	128	3	100	77000	0.012107
64	128	3	100	9000	0.012117
30	128	3	100	19000	0.012129
46	128	3	100	14000	0.012132
112	128	3	100	9000	0.012135
16	128	3	100	6000	0.012198
32	128	3	100	5000	0.01222
30	128	3	100	5000	0.012237
48	128	3	100	5000	0.012245
14	128	3	100	60000	0.012249
112	128	3	100	10000	0.012251
16	128	3	100	3000	0.012266
46	128	3	100	20000	0.01227
64	128	3	100	3000	0.012278
16	128	3	100	2000	0.012308
30	128	3	100	11000	0.012314
0	128	3	100	6000	0.012328
32	128	3	100	4000	0.012364
30	128	3	100	3000	0.012386
48	128	3	100	16000	0.012391
16	128	3	100	23000	0.012429
32	128	3	100	7000	0.012475
32	128	3	100	8000	0.012501
64	128	3	100	7000	0.012519
46	128	3	100	24000	0.012534
32	128	3	100	2000	0.012546
32	128	3	100	12000	0.012623
16	128	3	100	2000	0.01263
16	128	3	100	14000	0.012641
0	128	3	100	131000	0.01266
64	128	3	100	12000	0.012692
46	128	3	100	4000	0.012696
16	128	3	100	10000	0.012701
46	128	3	100	5000	0.012702
46	128	3	100	8000	0.012725
112	128	3	100	14000	0.012765
32	128	3	100	10000	0.012767
0	128	3	100	16000	0.012807
32	128	3	100	8000	0.012825
64	128	3	100	7000	0.012851
16	128	3	100	4000	0.012858
48	128	3	100	3000	0.012876
112	128	3	100	10000	0.012891
30	128	3	100	1000	0.012925
16	128	3	100	6000	0.012937
48	128	3	100	5000	0.012939
46	128	3	100	2000	0.012944
48	128	3	100	15000	0.012969
48	128	3	100	16000	0.012978
0	128	3	100	192000	0.013048
32	128	3	100	2000	0.013051
0	128	3	100	6000	0.01307
46	128	3	100	2000	0.013106
14	128	3	100	115000	0.013106
14	128	3	100	47000	0.013117
30	128	3	100	4000	0.013127
16	128	3	100	4000	0.013135
48	128	3	100	10000	0.01315
14	128	3	100	14000	0.013164
30	128	3	100	1000	0.01317
64	128	3	100	2000	0.013198
0	128	3	100	19000	0.013234
112	128	3	100	1000	0.013253
30	128	3	100	6000	0.013268
16	128	3	100	25000	0.013305
0	128	3	100	110000	0.013402
48	128	3	100	8000	0.013412
0	128	3	100	1000	0.013412
48	128	3	100	27000	0.013422
48	128	3	100	2000	0.013442
32	128	3	100	34000	0.01345
48	128	3	100	713000	0.013484
30	128	3	100	4000	0.013495
0	128	3	100	10000	0.013496
0	128	3	100	63000	0.013558
112	128	3	100	21000	0.01357
112	128	3	100	31000	0.013591
16	128	3	100	11000	0.013595
32	128	3	100	1000	0.0136
30	128	3	100	2000	0.01361
64	128	3	100	12000	0.013623
14	128	3	100	1000	0.013631
112	128	3	100	6000	0.013643
112	128	3	100	8000	0.01365
46	128	3	100	4000	0.01367
112	128	3	100	15000	0.013673
64	128	3	100	8000	0.01369
48	128	3	100	3000	0.013699
16	128	3	100	9000	0.013708
14	128	3	100	3000	0.013713
64	128	3	100	8000	0.013732
64	128	3	100	27000	0.013762
14	128	3	100	4000	0.013765
32	128	3	100	18000	0.013785
14	128	3	100	10000	0.013793
32	128	3	100	5000	0.013806
16	128	3	100	30000	0.01382
64	128	3	100	4000	0.013857
14	128	3	100	1000	0.013857
16	128	3	100	4000	0.013877
16	128	3	100	6000	0.013878
30	128	3	100	3000	0.013892
46	128	3	100	11000	0.013937
32	128	3	100	4000	0.013966
112	128	3	100	9000	0.013979
46	128	3	100	2000	0.013999
46	128	3	100	8000	0.014005
16	128	3	100	11000	0.014024
30	128	3	100	6000	0.014033
14	128	3	100	4000	0.014039
46	128	3	100	6000	0.014057
32	128	3	100	3000	0.014083
112	128	3	100	8000	0.014106
48	128	3	100	6000	0.014144
16	128	3	100	6000	0.014155
48	128	3	100	6000	0.014186
64	128	3	100	3000	0.014193
14	128	3	100	7000	0.014196
30	128	3	100	3000	0.014197
16	128	3	100	5000	0.014199
30	128	3	100	8000	0.014224
64	128	3	100	3000	0.014232
30	128	3	100	2000	0.014244
112	128	3	100	2000	0.014245
30	128	3	100	10000	0.014281
0	128	3	100	1000	0.014284
14	128	3	100	327000	0.014295
32	128	3	100	4000	0.014297
112	128	3	100	4000	0.014318
48	128	3	100	8000	0.01432
0	128	3	100	1000	0.014327
16	128	3	100	3000	0.014337
48	128	3	100	12000	0.014341
64	128	3	100	7000	0.014386
0	128	3	100	11000	0.01441
0	128	3	100	150000	0.014414
30	128	3	100	30000	0.014456
30	128	3	100	9000	0.014467
32	128	3	100	5000	0.014468
16	128	3	100	5000	0.014485
48	128	3	100	15000	0.014488
46	128	3	100	15000	0.014511
64	128	3	100	10000	0.014512
32	128	3	100	7000	0.01452
14	128	3	100	123000	0.014581
64	128	3	100	28000	0.014599
46	128	3	100	6000	0.014616
62	128	3	100	1000	0.014628
48	128	3	100	4000	0.014669
48	128	3	100	20000	0.014684
16	128	3	100	4000	0.014688
0	128	3	100	10000	0.014695
48	128	3	100	12000	0.014718
30	128	3	100	12000	0.014722
62	128	3	100	16000	0.014729
64	128	3	100	2000	0.01475
30	128	3	100	5000	0.014788
14	128	3	100	77000	0.014797
0	128	3	100	3000	0.014804
112	128	3	100	3000	0.01481
32	128	3	100	1000	0.014831
64	128	3	100	16000	0.014866
0	128	3	100	25000	0.014868
48	128	3	100	27000	0.014904
48	128	3	100	25000	0.014904
14	128	3	100	168000	0.014923
48	128	3	100	3000	0.01493
46	128	3	100	11000	0.01496
14	128	3	100	2000	0.014993
48	128	3	100	33000	0.015002
48	128	3	100	24000	0.015048
64	128	3	100	2000	0.01505
0	128	3	100	3000	0.015062
48	128	3	100	1000	0.015071
14	128	3	100	16000	0.015076
0	128	3	100	18000	0.015082
112	128	3	100	11000	0.015083
16	128	3	100	10000	0.015112
32	128	3	100	36000	0.01516
64	128	3	100	34000	0.015165
48	128	3	100	9000	0.015167
30	128	3	100	9000	0.015191
16	128	3	100	2000	0.015192
0	128	3	100	7000	0.015197
32	128	3	100	20000	0.015203
16	128	3	100	4000	0.015205
30	128	3	100	2000	0.015208
32	128	3	100	1000	0.015211
112	128	3	100	3000	0.015277
0	128	3	100	7000	0.015284
0	128	3	100	6000	0.015325
48	128	3	100	17000	0.01535
46	128	3	100	9000	0.015376
0	128	3	100	13000	0.015401
46	128	3	100	11000	0.015422
14	128	3	100	226000	0.015422
48	128	3	100	6000	0.015443
16	128	3	100	17000	0.015468
32	128	3	100	10000	0.015491
32	128	3	100	20000	0.015493
0	128	3	100	12000	0.015496
0	128	3	100	4000	0.0155
32	128	3	100	31000	0.015509
30	128	3	100	4000	0.015523
112	128	3	100	7000	0.015524
14	128	3	100	3000	0.015534
32	128	3	100	8000	0.015542
14	128	3	100	15000	0.015569
48	128	3	100	8000	0.015584
46	128	3	100	1000	0.015603
14	128	3	100	10000	0.015605
64	128	3	100	17000	0.015623
30	128	3	100	6000	0.015643
32	128	3	100	4000	0.015648
112	128	3	100	12000	0.01565
16	128	3	100	6000	0.015668
0	128	3	100	345000	0.015673
32	128	3	100	1000	0.015677
112	128	3	100	1000	0.015678
0	128	3	100	14000	0.015681
16	128	3	100	1000	0.015683
48	128	3	100	2000	0.015684
48	128	3	100	12000	0.015707
30	128	3	100	16000	0.015707
64	128	3	100	10000	0.015736
32	128	3	100	15000	0.015745
64	128	3	100	9000	0.015751
0	128	3	100	9000	0.015759
112	128	3	100	5000	0.015767
14	128	3	100	2000	0.015772
30	128	3	100	8000	0.015775
48	128	3	100	3000	0.015787
112	128	3	100	13000	0.015788
64	128	3	100	6000	0.015816
48	128	3	100	6000	0.015822
64	128	3	100	4000	0.015843
0	128	3	100	16000	0.015867
112	128	3	100	3000	0.015878
48	128	3	100	4000	0.015887
112	128	3	100	7000	0.015895
46	128	3	100	8000	0.015904
30	128	3	100	4000	0.015915
16	128	3	100	21000	0.015928
16	128	3	100	3000	0.015933
32	128	3	100	5000	0.015948
0	128	3	100	4000	0.015955
64	128	3	100	14000	0.015968
14	128	3	100	24000	0.015973
30	128	3	100	5000	0.015996
64	128	3	100	11000	0.016012
0	128	3	100	6000	0.016012
14	128	3	100	25000	0.016035
16	128	3	100	8000	0.016083
30	128	3	100	3000	0.016105
48	128	3	100	3000	0.016118
14	128	3	100	4000	0.016138
46	128	3	100	13000	0.016156
32	128	3	100	1000	0.016165
112	128	3	100	12000	0.016177
16	128	3	100	2000	0.016178
112	128	3	100	8000	0.016181
14	128	3	100	5000	0.016183
30	128	3	100	11000	0.01619
30	128	3	100	9000	0.016206
14	128	3	100	10000	0.016232
14	128	3	100	24000	0.016238
0	128	3	100	2000	0.016258
112	128	3	100	7000	0.016276
16	128	3	100	5000	0.01628
32	128	3	100	17000	0.016287
14	128	3	100	10000	0.016293
64	128	3	100	2000	0.016296
112	128	3	100	9000	0.016305
16	128	3	100	7000	0.016329
14	128	3	100	4000	0.016341
16	128	3	100	17000	0.016352
14	128	3	100	2000	0.016372
46	128	3	100	7000	0.016408
48	128	3	100	1000	0.016421
48	128	3	100	3000	0.016446
46	128	3	100	13000	0.016486
48	128	3	100	1000	0.016518
0	128	3	100	3000	0.01653
48	128	3	100	3000	0.016547
14	128	3	100	409000	0.016549
46	128	3	100	15000	0.016555
0	128	3	100	5000	0.016561
30	128	3	100	7000	0.016623
14	128	3	100	3000	0.016634
32	128	3	100	9000	0.016661
16	128	3	100	17000	0.016677
16	128	3	100	10000	0.016695
64	128	3	100	10000	0.016699
112	128	3	100	25000	0.016712
16	128	3	100	7000	0.016743
46	128	3	100	8000	0.016756
32	128	3	100	3000	0.016779
14	128	3	100	7000	0.016788
48	128	3	100	3000	0.016834
16	128	3	100	200000	0.016835
46	128	3	100	5000	0.016836
32	128	3	100	2000	0.016836
48	128	3	100	10000	0.016845
32	128	3	100	5000	0.01687
16	128	3	100	1000	0.016871
48	128	3	100	4000	0.016873
112	128	3	100	4000	0.016879
14	128	3	100	21000	0.016903
30	128	3	100	10000	0.016922
64	128	3	100	16000	0.016933
32	128	3	100	12000	0.016945
16	128	3	100	1000	0.016952
16	128	3	100	28000	0.016991
0	128	3	100	15000	0.01701
0	128	3	100	2000	0.017033
14	128	3	100	12000	0.017055
112	128	3	100	2000	0.017067
32	128	3	100	1000	0.01707
46	128	3	100	8000	0.017092
48	128	3	100	10000	0.017118
32	128	3	100	28000	0.017118
46	128	3	100	6000	0.01712
32	128	3	100	3000	0.017133
14	128	3	100	22000	0.017158
112	128	3	100	9000	0.017167
112	128	3	100	15000	0.017178
48	128	3	100	19000	0.017221
0	128	3	100	1000	0.017235
64	128	3	100	2000	0.017255
112	128	3	100	27000	0.017269
46	128	3	100	1000	0.017271
14	128	3	100	17000	0.017339
112	128	3	100	3000	0.01735
46	128	3	100	13000	0.017373
14	128	3	100	7000	0.017389
30	128	3	100	10000	0.017406
30	128	3	100	6000	0.01742
112	128	3	100	2000	0.017435
64	128	3	100	7000	0.017464
14	128	3	100	2000	0.017493
32	128	3	100	2000	0.017495
48	128	3	100	11000	0.017509
46	128	3	100	9000	0.017531
32	128	3	100	21000	0.017566
64	128	3	100	1000	0.017603
14	128	3	100	22000	0.01761
48	128	3	100	15000	0.017622
112	128	3	100	18000	0.017635
112	128	3	100	6000	0.017646
46	128	3	100	8000	0.017646
112	128	3	100	15000	0.017662
112	128	3	100	3000	0.017671
64	128	3	100	3000	0.017678
64	128	3	100	11000	0.017688
0	128	3	100	1000	0.017721
14	128	3	100	14000	0.017759
32	128	3	100	56000	0.017795
32	128	3	100	19000	0.017819
46	128	3	100	2000	0.017838
46	128	3	100	33000	0.017951
46	128	3	100	3000	0.017964
112	128	3	100	3000	0.01797
48	128	3	100	12000	0.017984
14	128	3	100	9000	0.018014
14	128	3	100	4000	0.018016
46	128	3	100	2000	0.01804
112	128	3	100	1000	0.018078
14	128	3	100	18000	0.018084
46	128	3	100	2000	0.018128
64	128	3	100	6000	0.01814
30	128	3	100	17000	0.018146
30	128	3	100	6000	0.018196
14	128	3	100	11000	0.018201
46	128	3	100	5000	0.01822
14	128	3	100	4000	0.018239
16	128	3	100	5000	0.018255
112	128	3	100	25000	0.018291
46	128	3	100	2000	0.018299
0	128	3	100	5000	0.018365
30	128	3	100	20000	0.018373
16	128	3	100	6000	0.018386
32	128	3	100	12000	0.018391
32	128	3	100	172000	0.018393
14	128	3	100	9000	0.018401
16	128	3	100	4000	0.018423
14	128	3	100	17000	0.018433
112	128	3	100	2000	0.018437
0	128	3	100	3000	0.018445
14	128	3	100	5000	0.018447
16	128	3	100	5000	0.018448
16	128	3	100	15000	0.018501
0	128	3	100	24000	0.018522
32	128	3	100	2000	0.018527
30	128	3	100	2000	0.018548
112	128	3	100	11000	0.018568
0	128	3	100	2000	0.018597
16	128	3	100	7000	0.018607
0	128	3	100	1000	0.018614
64	128	3	100	16000	0.018638
48	128	3	100	11000	0.018647
64	128	3	100	11000	0.018648
16	128	3	100	6000	0.018657
16	128	3	100	9000	0.018662
32	128	3	100	7000	0.018663
48	128	3	100	3000	0.018667
30	128	3	100	1000	0.018691
46	128	3	100	9000	0.018692
14	128	3	100	2000	0.018693
16	128	3	100	4000	0.018735
112	128	3	100	1000	0.018736
64	128	3	100	12000	0.01875
64	128	3	100	9000	0.018753
30	128	3	100	2000	0.018763
64	128	3	100	5000	0.018807
32	128	3	100	3000	0.01881
112	128	3	100	5000	0.018815
0	128	3	100	15000	0.018832
0	128	3	100	5000	0.018853
16	128	3	100	10000	0.018863
62	128	3	100	5000	0.018906
14	128	3	100	6000	0.018943
0	128	3	100	6000	0.018952
16	128	3	100	21000	0.018965
64	128	3	100	7000	0.018979
16	128	3	100	5000	0.01898
14	128	3	100	3000	0.019001
30	128	3	100	17000	0.019056
30	128	3	100	6000	0.019071
32	128	3	100	1000	0.019074
62	128	3	100	2000	0.019075
30	128	3	100	3000	0.019098
112	128	3	100	1000	0.019113
14	128	3	100	3000	0.019141
32	128	3	100	9000	0.019152
0	128	3	100	5000	0.019215
30	128	3	100	16000	0.019245
16	128	3	100	7000	0.019265
32	128	3	100	582000	0.019299
64	128	3	100	1000	0.019306
62	128	3	100	10000	0.019314
16	128	3	100	3000	0.019324
32	128	3	100	12000	0.019337
16	128	3	100	13000	0.019341
16	128	3	100	12000	0.019357
32	128	3	100	4000	0.019358
112	128	3	100	2000	0.01937
14	128	3	100	2000	0.019387
30	128	3	100	11000	0.019443
64	128	3	100	4000	0.019448
112	128	3	100	1000	0.019477
30	128	3	100	4000	0.019479
30	128	3	100	5000	0.019484
112	128	3	100	19000	0.019502
46	128	3	100	3000	0.019512
0	128	3	100	28000	0.019538
46	128	3	100	15000	0.019549
32	128	3	100	33000	0.019577
62	128	3	100	2000	0.019579
16	128	3	100	24000	0.019605
48	128	3	100	1000	0.019607
32	128	3	100	2000	0.019607
30	128	3	100	21000	0.019616
32	128	3	100	4000	0.019627
112	128	3	100	2000	0.019651
14	128	3	100	5000	0.019651
112	128	3	100	11000	0.019662
14	128	3	100	7000	0.019677
30	128	3	100	18000	0.019689
46	128	3	100	1000	0.019696
0	128	3	100	12000	0.019714
32	128	3	100	4000	0.019728
0	128	3	100	11000	0.019776
30	128	3	100	3000	0.019777
64	128	3	100	7000	0.019779
112	128	3	100	13000	0.019788
64	128	3	100	6000	0.019798
16	128	3	100	8000	0.019802
46	128	3	100	2000	0.01981
16	128	3	100	1000	0.01981
0	128	3	100	12000	0.019826
62	128	3	100	2000	0.019828
16	128	3	100	13000	0.019833
64	128	3	100	15000	0.019855
64	128	3	100	12000	0.019939
64	128	3	100	9000	0.019962
16	128	3	100	4000	0.019976
64	128	3	100	14000	0.019989
14	128	3	100	10000	0.02
112	128	3	100	10000	0.020012
62	128	3	100	5000	0.020013
62	128	3	100	9000	0.02002
14	128	3	100	4000	0.020064
16	128	3	100	2000	0.020071
46	128	3	100	10000	0.02012
62	128	3	100	6000	0.020123
16	128	3	100	11000	0.020143
64	128	3	100	8000	0.020161
46	128	3	100	27000	0.020241
16	128	3	100	3000	0.020265
62	128	3	100	11000	0.020273
16	128	3	100	13000	0.020289
14	128	3	100	3000	0.020294
62	128	3	100	7000	0.020313
46	128	3	100	3000	0.020333
112	128	3	100	13000	0.020342
16	128	3	100	37000	0.020347
16	128	3	100	4000	0.020368
46	128	3	100	11000	0.020369
64	128	3	100	14000	0.02038
16	128	3	100	1000	0.020389
64	128	3	100	5000	0.020408
14	128	3	100	6000	0.020409
14	128	3	100	9000	0.020413
46	128	3	100	19000	0.020438
32	128	3	100	11000	0.020451
64	128	3	100	9000	0.020476
46	128	3	100	21000	0.020479
0	128	3	100	2000	0.020517
112	128	3	100	5000	0.02055
16	128	3	100	10000	0.020572
32	128	3	100	1000	0.020573
46	128	3	100	7000	0.020617
16	128	3	100	3000	0.020646
0	128	3	100	16000	0.020669
64	128	3	100	7000	0.020687
30	128	3	100	27000	0.02069
112	128	3	100	22000	0.020715
16	128	3	100	14000	0.02073
112	128	3	100	7000	0.020741
112	128	3	100	10000	0.020816
16	128	3	100	44000	0.02082
30	128	3	100	23000	0.020824
46	128	3	100	3000	0.020825
62	128	3	100	9000	0.020839
30	128	3	100	5000	0.020852
32	128	3	100	1000	0.020858
14	128	3	100	19000	0.020889
46	128	3	100	2000	0.020892
62	128	3	100	5000	0.020899
30	128	3	100	2000	0.020905
14	128	3	100	3000	0.020918
64	128	3	100	8000	0.02092
30	128	3	100	13000	0.020928
62	128	3	100	8000	0.020947
62	128	3	100	3000	0.020961
0	128	3	100	18000	0.020971
16	128	3	100	20000	0.021
0	128	3	100	12000	0.02102
14	128	3	100	5000	0.021023
32	128	3	100	3000	0.021082
64	128	3	100	3000	0.021103
46	128	3	100	16000	0.021129
16	128	3	100	31000	0.02114
62	128	3	100	6000	0.021142
30	128	3	100	2000	0.021144
16	128	3	100	13000	0.021154
62	128	3	100	3000	0.021177
64	128	3	100	14000	0.021207
16	128	3	100	4000	0.021217
62	128	3	100	5000	0.021218
30	128	3	100	13000	0.021243
46	128	3	100	6000	0.021271
16	128	3	100	6000	0.021298
14	128	3	100	21000	0.021309
112	128	3	100	12000	0.021314
62	128	3	100	10000	0.021322
62	128	3	100	5000	0.021331
64	128	3	100	3000	0.021345
16	128	3	100	21000	0.021396
0	128	3	100	9000	0.021404
30	128	3	100	1000	0.021408
14	128	3	100	2000	0.021408
64	128	3	100	5000	0.021432
30	128	3	100	3000	0.021468
16	128	3	100	2000	0.021524
46	128	3	100	5000	0.021548
62	128	3	100	4000	0.021558
46	128	3	100	3000	0.021577
62	128	3	100	7000	0.021589
64	128	3	100	27000	0.021612
62	128	3	100	15000	0.021645
112	128	3	100	3000	0.021647
112	128	3	100	3000	0.02166
0	128	3	100	9000	0.021682
62	128	3	100	5000	0.021694
46	128	3	100	1000	0.021714
32	128	3	100	3000	0.021747
62	128	3	100	9000	0.021778
30	128	3	100	16000	0.021798
112	128	3	100	20000	0.021809
16	128	3	100	4000	0.021813
46	128	3	100	12000	0.021815
16	128	3	100	5000	0.021833
62	128	3	100	21000	0.021834
32	128	3	100	2000	0.021835
48	128	3	100	5000	0.021839
32	128	3	100	7000	0.02186
64	128	3	100	8000	0.021861
30	128	3	100	2000	0.021868
30	128	3	100	25000	0.021892
14	128	3	100	7000	0.021912
16	128	3	100	17000	0.021926
0	128	3	100	7000	0.021926
46	128	3	100	8000	0.021942
30	128	3	100	12000	0.021962
62	128	3	100	16000	0.021989
14	128	3	100	4000	0.021989
62	128	3	100	3000	0.021993
30	128	3	100	1000	0.022014
64	128	3	100	1000	0.02202
14	128	3	100	9000	0.022053
14	128	3	100	5000	0.022057
46	128	3	100	1000	0.022063
62	128	3	100	12000	0.022128
62	128	3	100	8000	0.022172
62	128	3	100	28000	0.022192
64	128	3	100	6000	0.022204
0	128	3	100	21000	0.022207
32	128	3	100	9000	0.02222
32	128	3	100	12000	0.022223
0	128	3	100	5000	0.022224
30	128	3	100	12000	0.022237
32	128	3	100	4000	0.022239
16	128	3	100	5000	0.022241
62	128	3	100	8000	0.022269
30	128	3	100	9000	0.022269
30	128	3	100	4000	0.02227
32	128	3	100	8000	0.022272
14	128	3	100	3000	0.022289
62	128	3	100	11000	0.0223
46	128	3	100	7000	0.022303
48	128	3	100	11000	0.022304
112	128	3	100	2000	0.022342
64	128	3	100	36000	0.022343
14	128	3	100	11000	0.022361
32	128	3	100	21000	0.022366
62	128	3	100	9000	0.022372
112	128	3	100	7000	0.022391
30	128	3	100	7000	0.022397
64	128	3	100	3000	0.022398
16	128	3	100	2000	0.022442
16	128	3	100	1000	0.022456
62	128	3	100	3000	0.022464
112	128	3	100	2000	0.02248
112	128	3	100	5000	0.022514
48	128	3	100	8000	0.022528
0	128	3	100	7000	0.022531
14	128	3	100	12000	0.022562
16	128	3	100	3000	0.022593
46	128	3	100	2000	0.022623
48	128	3	100	2000	0.022638
112	128	3	100	14000	0.022648
64	128	3	100	10000	0.02266
0	128	3	100	7000	0.022662
46	128	3	100	11000	0.022745
62	128	3	100	4000	0.022759
30	128	3	100	17000	0.022766
14	128	3	100	1000	0.02277
30	128	3	100	2000	0.0228
48	128	3	100	11000	0.022803
112	128	3	100	2000	0.02287
14	128	3	100	2000	0.022871
64	128	3	100	18000	0.02292
0	128	3	100	4000	0.022985
46	128	3	100	32000	0.023025
64	128	3	100	6000	0.023033
30	128	3	100	24000	0.023047
0	128	3	100	9000	0.023077
64	128	3	100	2000	0.023081
0	128	3	100	18000	0.023081
0	128	3	100	19000	0.023103
30	128	3	100	2000	0.023114
64	128	3	100	7000	0.023136
46	128	3	100	8000	0.023145
62	128	3	100	9000	0.023154
14	128	3	100	2000	0.023164
32	128	3	100	13000	0.023199
0	128	3	100	8000	0.0232
46	128	3	100	3000	0.023204
48	128	3	100	7000	0.023221
0	128	3	100	1000	0.023229
32	128	3	100	10000	0.023241
48	128	3	100	8000	0.023252
112	128	3	100	6000	0.023279
46	128	3	100	18000	0.023284
30	128	3	100	13000	0.023302
30	128	3	100	6000	0.023352
30	128	3	100	14000	0.023374
112	128	3	100	1000	0.023418
0	128	3	100	13000	0.023453
16	128	3	100	5000	0.023456
14	128	3	100	4000	0.023468
112	128	3	100	6000	0.023485
62	128	3	100	5000	0.023499
112	128	3	100	21000	0.023533
14	128	3	100	15000	0.023537
62	128	3	100	9000	0.023552
0	128	3	100	20000	0.023555
64	128	3	100	2000	0.023573
14	128	3	100	6000	0.023586
14	128	3	100	6000	0.023604
112	128	3	100	10000	0.023659
64	128	3	100	9000	0.023713
0	128	3	100	10000	0.023738
112	128	3	100	6000	0.023746
46	128	3	100	2000	0.02376
62	128	3	100	10000	0.023787
16	128	3	100	4000	0.023792
14	128	3	100	13000	0.023806
0	128	3	100	7000	0.023811
32	128	3	100	11000	0.023818
48	128	3	100	10000	0.023828
46	128	3	100	17000	0.023842
16	128	3	100	15000	0.023852
46	128	3	100	5000	0.023856
32	128	3	100	10000	0.023868
46	128	3	100	5000	0.023873
48	128	3	100	28000	0.023907
46	128	3	100	7000	0.023949
64	128	3	100	44000	0.023959
64	128	3	100	26000	0.023979
62	128	3	100	5000	0.023983
30	128	3	100	10000	0.023989
62	128	3	100	24000	0.023995
112	128	3	100	5000	0.024007
0	128	3	100	2000	0.024014
30	128	3	100	7000	0.024023
16	128	3	100	3000	0.02403
30	128	3	100	5000	0.024039
14	128	3	100	2000	0.02404
30	128	3	100	6000	0.024057
0	128	3	100	2000	0.024063
30	128	3	100	6000	0.024075
14	128	3	100	2000	0.024098
0	128	3	100	10000	0.024098
0	128	3	100	16000	0.024098
30	128	3	100	8000	0.024107
46	128	3	100	2000	0.024116
46	128	3	100	3000	0.024151
62	128	3	100	3000	0.024152
62	128	3	100	4000	0.024159
64	128	3	100	10000	0.024179
32	128	3	100	4000	0.024187
46	128	3	100	4000	0.024191
16	128	3	100	23000	0.024206
16	128	3	100	17000	0.024227
46	128	3	100	8000	0.024235
48	128	3	100	6000	0.024258
16	128	3	100	25000	0.024295
48	128	3	100	5000	0.024307
112	128	3	100	4000	0.024308
62	128	3	100	8000	0.024352
112	128	3	100	6000	0.024357
32	128	3	100	20000	0.024382
112	128	3	100	16000	0.024414
32	128	3	100	6000	0.024427
64	128	3	100	8000	0.02446
62	128	3	100	31000	0.024468
14	128	3	100	2000	0.024471
16	128	3	100	10000	0.024492
48	128	3	100	2000	0.024524
112	128	3	100	10000	0.02454
62	128	3	100	3000	0.024553
62	128	3	100	3000	0.024558
48	128	3	100	1000	0.024563
46	128	3	100	5000	0.024566
112	128	3	100	7000	0.024582
16	128	3	100	15000	0.024584
48	128	3	100	2000	0.024592
46	128	3	100	5000	0.024595
46	128	3	100	6000	0.024601
0	128	3	100	6000	0.024612
112	128	3	100	2000	0.024625
32	128	3	100	11000	0.02464
48	128	3	100	24000	0.024654
62	128	3	100	6000	0.024675
48	128	3	100	32000	0.024721
0	128	3	100	14000	0.024741
32	128	3	100	11000	0.024764
46	128	3	100	2000	0.024768
16	128	3	100	8000	0.024787
32	128	3	100	10000	0.024789
62	128	3	100	3000	0.024803
14	128	3	100	6000	0.024803
32	128	3	100	22000	0.024828
112	128	3	100	5000	0.024854
112	128	3	100	26000	0.024867
16	128	3	100	6000	0.024886
16	128	3	100	6000	0.024891
46	128	3	100	4000	0.02493
112	128	3	100	5000	0.024935
112	128	3	100	3000	0.024955
16	128	3	100	15000	0.02502
64	128	3	100	101000	0.025026
112	128	3	100	3000	0.025032
62	128	3	100	7000	0.025037
46	128	3	100	5000	0.02509
16	128	3	100	1000	0.02509
112	128	3	100	8000	0.025121
16	128	3	100	2000	0.025145
64	128	3	100	13000	0.025151
32	128	3	100	7000	0.025155
0	128	3	100	14000	0.025161
16	128	3	100	23000	0.025199
14	128	3	100	30000	0.025225
32	128	3	100	9000	0.025426
64	128	3	100	73000	0.025442
62	128	3	100	5000	0.025471
14	128	3	100	4000	0.02549
46	128	3	100	8000	0.025571
14	128	3	100	4000	0.025577
0	128	3	100	116000	0.025639
48	128	3	100	12000	0.02564
32	128	3	100	4000	0.025648
62	128	3	100	2000	0.025657
14	128	3	100	2000	0.025685
16	128	3	100	2000	0.025688
46	128	3	100	25000	0.025725
62	128	3	100	13000	0.025727
46	128	3	100	9000	0.025777
62	128	3	100	3000	0.025805
46	128	3	100	9000	0.02581
14	128	3	100	18000	0.025844
112	128	3	100	2000	0.025858
16	128	3	100	3000	0.025867
14	128	3	100	7000	0.025883
16	128	3	100	5000	0.025902
48	128	3	100	15000	0.025917
0	128	3	100	3000	0.025923
62	128	3	100	3000	0.025944
48	128	3	100	19000	0.026043
16	128	3	100	9000	0.02607
112	128	3	100	1000	0.026073
48	128	3	100	3000	0.026101
48	128	3	100	1000	0.026107
16	128	3	100	1000	0.026115
48	128	3	100	11000	0.026156
0	128	3	100	169000	0.026158
46	128	3	100	14000	0.026193
112	128	3	100	9000	0.026277
16	128	3	100	9000	0.026314
16	128	3	100	26000	0.026319
112	128	3	100	12000	0.026345
14	128	3	100	2000	0.026373
46	128	3	100	6000	0.026376
62	128	3	100	52000	0.026465
32	128	3	100	13000	0.026504
14	128	3	100	13000	0.026519
0	128	3	100	5000	0.026539
0	128	3	100	26000	0.026548
0	128	3	100	1000	0.026551
30	128	3	100	10000	0.026588
48	128	3	100	1000	0.026606
16	128	3	100	6000	0.026625
32	128	3	100	6000	0.026634
46	128	3	100	8000	0.026649
0	128	3	100	4000	0.026663
32	128	3	100	6000	0.026706
46	128	3	100	15000	0.026715
112	128	3	100	4000	0.026718
32	128	3	100	17000	0.026734
46	128	3	100	5000	0.026806
14	128	3	100	21000	0.026824
112	128	3	100	13000	0.026831
14	128	3	100	18000	0.026914
0	128	3	100	133000	0.026931
48	128	3	100	6000	0.026976
32	128	3	100	2000	0.02698
46	128	3	100	3000	0.027037
0	128	3	100	326000	0.027042
14	128	3	100	8000	0.027046
14	128	3	100	10000	0.027048
48	128	3	100	4000	0.027056
112	128	3	100	1000	0.027068
14	128	3	100	14000	0.027105
48	128	3	100	11000	0.027113
0	128	3	100	4000	0.027133
14	128	3	100	2000	0.027137
0	128	3	100	6000	0.027158
14	128	3	100	2000	0.027178
14	128	3	100	3000	0.027195
16	128	3	100	2000	0.027235
14	128	3	100	1000	0.027261
14	128	3	100	4000	0.027309
62	128	3	100	52000	0.027333
32	128	3	100	18000	0.027373
14	128	3	100	12000	0.027417
32	128	3	100	38000	0.027442
112	128	3	100	8000	0.027481
62	128	3	100	23000	0.027492
32	128	3	100	5000	0.027502
62	128	3	100	176000	0.027514
16	128	3	100	1000	0.027535
48	128	3	100	13000	0.027539
46	128	3	100	7000	0.027548
112	128	3	100	4000	0.02755
32	128	3	100	11000	0.027552
0	128	3	100	5000	0.027609
48	128	3	100	13000	0.02763
16	128	3	100	6000	0.027645
46	128	3	100	12000	0.027649
48	128	3	100	14000	0.02767
62	128	3	100	41000	0.027695
64	128	3	100	26000	0.027745
0	128	3	100	11000	0.027761
0	128	3	100	2000	0.027861
14	128	3	100	5000	0.027956
62	128	3	100	62000	0.028051
48	128	3	100	13000	0.028137
16	128	3	100	3000	0.028216
48	128	3	100	7000	0.028258
64	128	3	100	159000	0.028262
62	128	3	100	341000	0.028293
16	128	3	100	1000	0.028296
16	128	3	100	7000	0.0283
0	128	3	100	2000	0.028319
48	128	3	100	6000	0.02835
62	128	3	100	22000	0.028363
16	128	3	100	14000	0.028385
16	128	3	100	4000	0.028401
16	128	3	100	3000	0.028424
62	128	3	100	2000	0.02844
14	128	3	100	17000	0.028515
62	128	3	100	193000	0.028523
48	128	3	100	11000	0.028538
48	128	3	100	4000	0.028552
64	128	3	100	14000	0.028564
0	128	3	100	28000	0.028577
0	128	3	100	13000	0.028617
46	128	3	100	75000	0.028688
46	128	3	100	1000	0.028698
16	128	3	100	2000	0.028708
48	128	3	100	4000	0.028725
16	128	3	100	18000	0.028751
48	128	3	100	9000	0.028761
48	128	3	100	4000	0.028778
0	128	3	100	15000	0.02878
16	128	3	100	19000	0.028789
46	128	3	100	8000	0.028808
62	128	3	100	177000	0.028835
16	128	3	100	6000	0.028856
14	128	3	100	2000	0.028857
46	128	3	100	11000	0.028885
62	128	3	100	26000	0.028892
64	128	3	100	10000	0.028895
62	128	3	100	6000	0.028901
32	128	3	100	9000	0.028911
0	128	3	100	7000	0.028934
62	128	3	100	16000	0.028947
46	128	3	100	6000	0.028949
62	128	3	100	2000	0.02898
48	128	3	100	21000	0.028992
46	128	3	100	25000	0.029017
46	128	3	100	6000	0.029021
16	128	3	100	26000	0.029094
64	128	3	100	108000	0.0291
46	128	3	100	2000	0.029106
32	128	3	100	17000	0.029107
32	128	3	100	11000	0.029131
46	128	3	100	10000	0.029139
62	128	3	100	4000	0.029143
16	128	3	100	1000	0.029147
46	128	3	100	2000	0.029148
62	128	3	100	13000	0.029166
46	128	3	100	6000	0.029175
48	128	3	100	18000	0.029193
62	128	3	100	11000	0.029206
16	128	3	100	19000	0.029286
0	128	3	100	37000	0.029355
14	128	3	100	1000	0.029376
48	128	3	100	29000	0.029402
16	128	3	100	8000	0.029439
62	128	3	100	21000	0.029458
46	128	3	100	4000	0.029486
14	128	3	100	3000	0.029486
46	128	3	100	7000	0.029578
62	128	3	100	3000	0.029609
16	128	3	100	16000	0.029639
16	128	3	100	4000	0.029655
32	128	3	100	1000	0.029659
46	128	3	100	2000	0.029678
64	128	3	100	50000	0.029696
0	128	3	100	21000	0.029742
14	128	3	100	5000	0.029758
30	128	3	100	6000	0.029772
48	128	3	100	6000	0.029812
48	128	3	100	8000	0.029852
0	128	3	100	7000	0.029861
16	128	3	100	20000	0.029872
62	128	3	100	4000	0.029887
14	128	3	100	5000	0.029894
64	128	3	100	144000	0.029946
48	128	3	100	4000	0.029953
46	128	3	100	16000	0.029955
14	128	3	100	3000	0.029958
16	128	3	100	2000	0.029964
48	128	3	100	2000	0.029985
62	128	3	100	15000	0.029986
32	128	3	100	10000	0.030035
46	128	3	100	4000	0.030046
46	128	3	100	4000	0.030065
0	128	3	100	7000	0.030075
64	128	3	100	33000	0.030077
32	128	3	100	4000	0.03008
32	128	3	100	2000	0.030119
0	128	3	100	4000	0.030119
48	128	3	100	7000	0.030172
62	128	3	100	9000	0.030217
112	128	3	100	5000	0.030229
32	128	3	100	11000	0.030234
16	128	3	100	16000	0.030245
32	128	3	100	12000	0.030257
14	128	3	100	12000	0.030259
48	128	3	100	4000	0.030292
48	128	3	100	6000	0.030304
64	128	3	100	412000	0.030322
16	128	3	100	11000	0.030333
16	128	3	100	5000	0.030334
48	128	3	100	2000	0.030351
46	128	3	100	9000	0.030358
14	128	3	100	5000	0.030374
64	128	3	100	57000	0.030385
46	128	3	100	2000	0.030394
32	128	3	100	1000	0.030397
16	128	3	100	2000	0.030401
48	128	3	100	3000	0.030445
32	128	3	100	16000	0.030467
62	128	3	100	14000	0.030469
30	128	3	100	16000	0.030494
64	128	3	100	11000	0.030496
14	128	3	100	5000	0.030507
48	128	3	100	4000	0.030509
16	128	3	100	6000	0.030529
62	128	3	100	4000	0.030537
48	128	3	100	16000	0.030543
64	128	3	100	3000	0.030549
14	128	3	100	6000	0.030567
48	128	3	100	22000	0.030583
0	128	3	100	11000	0.030608
46	128	3	100	2000	0.030614
14	128	3	100	9000	0.030623
64	128	3	100	8000	0.030631
32	128	3	100	2000	0.030667
64	128	3	100	12000	0.030668
14	128	3	100	3000	0.030672
64	128	3	100	285000	0.030688
48	128	3	100	3000	0.030711
14	128	3	100	9000	0.030723
46	128	3	100	9000	0.030728
16	128	3	100	2000	0.03074
46	128	3	100	8000	0.030743
14	128	3	100	4000	0.030759
0	128	3	100	3000	0.030761
16	128	3	100	6000	0.030769
46	128	3	100	2000	0.030798
64	128	3	100	6000	0.030806
0	128	3	100	4000	0.030808
62	128	3	100	1000	0.03082
16	128	3	100	13000	0.030859
14	128	3	100	21000	0.030869
0	128	3	100	3000	0.030874
62	128	3	100	1000	0.030886
16	128	3	100	4000	0.030887
46	128	3	100	2000	0.030903
16	128	3	100	9000	0.030905
0	128	3	100	4000	0.030907
32	128	3	100	18000	0.030932
64	128	3	100	3000	0.030935
62	128	3	100	2000	0.030942
64	128	3	100	277000	0.030943
64	128	3	100	9000	0.030962
0	128	3	100	21000	0.030963
0	128	3	100	14000	0.030982
32	128	3	100	3000	0.031028
0	128	3	100	4000	0.031059
32	128	3	100	18000	0.031061
16	128	3	100	10000	0.031065
0	128	3	100	20000	0.031065
14	128	3	100	8000	0.031069
112	128	3	100	3000	0.03109
14	128	3	100	10000	0.031095
46	128	3	100	2000	0.031103
14	128	3	100	13000	0.031104
48	128	3	100	19000	0.031106
30	128	3	100	10000	0.031113
64	128	3	100	15000	0.031138
62	128	3	100	12000	0.031163
14	128	3	100	11000	0.031176
0	128	3	100	3000	0.031177
62	128	3	100	2000	0.031198
62	128	3	100	2000	0.0312
32	128	3	100	7000	0.031211
46	128	3	100	18000	0.031234
16	128	3	100	7000	0.031241
62	128	3	100	5000	0.031265
48	128	3	100	23000	0.031283
30	128	3	100	9000	0.031306
14	128	3	100	2000	0.03132
64	128	3	100	21000	0.03133
16	128	3	100	3000	0.031331
48	128	3	100	8000	0.031373
14	128	3	100	3000	0.031389
48	128	3	100	1000	0.031393
62	128	3	100	9000	0.031408
16	128	3	100	4000	0.031429
16	128	3	100	7000	0.031433
46	128	3	100	3000	0.031477
48	128	3	100	7000	0.031491
30	128	3	100	41000	0.031512
46	128	3	100	24000	0.031532
64	128	3	100	11000	0.031546
62	128	3	100	3000	0.031557
46	128	3	100	4000	0.031576
48	128	3	100	24000	0.031616
62	128	3	100	1000	0.031617
14	128	3	100	11000	0.03166
46	128	3	100	1000	0.031665
48	128	3	100	8000	0.031668
0	128	3	100	25000	0.031678
16	128	3	100	12000	0.031693
48	128	3	100	1000	0.031708
16	128	3	100	8000	0.031739
112	128	3	100	4000	0.031761
62	128	3	100	3000	0.031766
30	128	3	100	18000	0.0318
30	128	3	100	21000	0.031811
32	128	3	100	19000	0.031815
64	128	3	100	3000	0.031821
48	128	3	100	3000	0.031834
62	128	3	100	18000	0.031852
32	128	3	100	4000	0.031871
64	128	3	100	4000	0.031884
48	128	3	100	3000	0.031889
46	128	3	100	6000	0.031904
32	128	3	100	8000	0.031927
64	128	3	100	3000	0.03194
62	128	3	100	28000	0.032012
64	128	3	100	5000	0.032013
64	128	3	100	2000	0.032063
64	128	3	100	6000	0.032088
14	128	3	100	1000	0.032099
32	128	3	100	19000	0.032116
14	128	3	100	9000	0.032122
62	128	3	100	7000	0.032141
62	128	3	100	2000	0.032162
64	128	3	100	13000	0.032166
14	128	3	100	7000	0.032202
64	128	3	100	11000	0.032253
16	128	3	100	9000	0.032262
64	128	3	100	2000	0.032266
0	128	3	100	9000	0.032273
64	128	3	100	19000	0.032313
32	128	3	100	8000	0.032336
0	128	3	100	5000	0.032359
64	128	3	100	11000	0.032362
30	128	3	100	2000	0.032428
14	128	3	100	3000	0.03243
46	128	3	100	3000	0.032475
30	128	3	100	2000	0.032478
16	128	3	100	2000	0.032483
16	128	3	100	5000	0.032487
14	128	3	100	7000	0.032544
0	128	3	100	11000	0.032588
48	128	3	100	21000	0.032594
46	128	3	100	3000	0.032596
0	128	3	100	6000	0.032608
62	128	3	100	16000	0.032634
30	128	3	100	11000	0.032669
14	128	3	100	16000	0.032675
46	128	3	100	9000	0.032689
14	128	3	100	9000	0.03271
62	128	3	100	9000	0.032712
46	128	3	100	9000	0.032749
14	128	3	100	10000	0.032763
32	128	3	100	3000	0.03277
64	128	3	100	9000	0.032786
16	128	3	100	6000	0.032791
32	128	3	100	15000	0.032802
0	128	3	100	2000	0.032809
112	128	3	100	21000	0.032817
112	128	3	100	14000	0.032849
64	128	3	100	6000	0.03285
14	128	3	100	9000	0.032873
14	128	3	100	11000	0.032881
46	128	3	100	6000	0.032901
48	128	3	100	17000	0.032913
32	128	3	100	1000	0.032915
112	128	3	100	5000	0.03292
16	128	3	100	17000	0.032941
14	128	3	100	7000	0.032957
30	128	3	100	3000	0.03302
62	128	3	100	9000	0.033021
0	128	3	100	18000	0.033049
32	128	3	100	5000	0.033054
0	128	3	100	2000	0.033061
0	128	3	100	18000	0.033082
14	128	3	100	3000	0.033108
62	128	3	100	8000	0.033128
64	128	3	100	9000	0.033143
112	128	3	100	5000	0.03315
30	128	3	100	17000	0.033169
64	128	3	100	9000	0.033174
112	128	3	100	23000	0.033204
0	128	3	100	3000	0.033223
112	128	3	100	13000	0.033253
14	128	3	100	16000	0.033253
16	128	3	100	3000	0.033261
30	128	3	100	3000	0.033271
46	128	3	100	7000	0.033276
32	128	3	100	29000	0.03332
30	128	3	100	9000	0.033327
48	128	3	100	2000	0.033359
112	128	3	100	15000	0.033375
16	128	3	100	7000	0.033376
32	128	3	100	2000	0.033379
62	128	3	100	5000	0.033387
30	128	3	100	1000	0.033405
112	128	3	100	8000	0.03343
46	128	3	100	33000	0.033436
0	128	3	100	2000	0.033439
14	128	3	100	5000	0.033441
64	128	3	100	11000	0.033456
46	128	3	100	9000	0.033523
16	128	3	100	5000	0.033553
62	128	3	100	4000	0.033554
30	128	3	100	4000	0.03358
48	128	3	100	2000	0.033584
62	128	3	100	5000	0.033591
0	128	3	100	23000	0.033614
30	128	3	100	2000	0.033625
64	128	3	100	2000	0.033626
62	128	3	100	24000	0.033643
16	128	3	100	7000	0.033674
48	128	3	100	9000	0.033676
46	128	3	100	11000	0.033693
32	128	3	100	9000	0.033709
30	128	3	100	15000	0.033736
48	128	3	100	5000	0.033759
62	128	3	100	9000	0.03379
46	128	3	100	93000	0.0338
62	128	3	100	8000	0.033802
32	128	3	100	2000	0.03381
32	128	3	100	23000	0.03382
64	128	3	100	1000	0.033827
62	128	3	100	1000	0.033827
0	128	3	100	19000	0.033835
112	128	3	100	10000	0.03384
32	128	3	100	4000	0.033846
62	128	3	100	1000	0.03387
14	128	3	100	13000	0.033871
46	128	3	100	8000	0.033888
46	128	3	100	2000	0.033889
32	128	3	100	11000	0.033929
64	128	3	100	14000	0.033961
0	128	3	100	1000	0.033979
64	128	3	100	3000	0.033989
0	128	3	100	2000	0.033996
16	128	3	100	18000	0.034056
112	128	3	100	2000	0.034075
46	128	3	100	22000	0.034091
46	128	3	100	2000	0.034094
30	128	3	100	15000	0.034145
14	128	3	100	7000	0.034158
48	128	3	100	5000	0.034173
0	128	3	100	8000	0.034231
14	128	3	100	5000	0.034264
64	128	3	100	9000	0.034298
30	128	3	100	8000	0.034303
16	128	3	100	12000	0.034329
16	128	3	100	12000	0.034343
30	128	3	100	7000	0.034401
112	128	3	100	58000	0.034406
48	128	3	100	33000	0.034414
46	128	3	100	4000	0.034459
14	128	3	100	2000	0.034471
46	128	3	100	3000	0.034482
64	128	3	100	20000	0.034551
0	128	3	100	4000	0.034572
30	128	3	100	13000	0.034598
0	128	3	100	13000	0.034616
112	128	3	100	92000	0.03462
112	128	3	100	259000	0.034634
64	128	3	100	4000	0.034639
32	128	3	100	6000	0.034648
62	128	3	100	3000	0.034658
30	128	3	100	5000	0.034658
16	128	3	100	15000	0.034677
0	128	3	100	3000	0.034681
64	128	3	100	8000	0.034699
62	128	3	100	3000	0.034704
32	128	3	100	6000	0.034716
62	128	3	100	6000	0.034719
112	128	3	100	44000	0.034728
64	128	3	100	24000	0.034729
62	128	3	100	3000	0.034736
62	128	3	100	3000	0.034758
62	128	3	100	10000	0.034764
0	128	3	100	5000	0.034764
62	128	3	100	5000	0.034791
64	128	3	100	13000	0.034814
0	128	3	100	5000	0.034826
46	128	3	100	16000	0.034905
62	128	3	100	6000	0.034922
46	128	3	100	7000	0.034927
46	128	3	100	17000	0.034939
64	128	3	100	7000	0.034979
0	128	3	100	4000	0.034994
48	128	3	100	21000	0.03502
32	128	3	100	11000	0.035021
48	128	3	100	7000	0.035029
14	128	3	100	7000	0.035059
48	128	3	100	23000	0.035114
48	128	3	100	3000	0.035133
30	128	3	100	5000	0.035148
16	128	3	100	23000	0.035171
30	128	3	100	11000	0.035173
14	128	3	100	6000	0.035186
16	128	3	100	6000	0.035198
0	128	3	100	2000	0.035214
64	128	3	100	4000	0.035229
48	128	3	100	16000	0.03526
14	128	3	100	21000	0.035292
16	128	3	100	2000	0.035306
112	128	3	100	270000	0.035312
30	128	3	100	10000	0.035325
16	128	3	100	4000	0.035327
0	128	3	100	4000	0.035397
32	128	3	100	19000	0.035411
112	128	3	100	71000	0.03542
48	128	3	100	2000	0.035468
48	128	3	100	14000	0.035478
112	128	3	100	16000	0.035493
112	128	3	100	114000	0.035535
32	128	3	100	6000	0.035537
30	128	3	100	6000	0.035545
112	128	3	100	4000	0.035549
112	128	3	100	9000	0.035563
32	128	3	100	2000	0.035576
48	128	3	100	10000	0.035597
14	128	3	100	4000	0.035599
0	128	3	100	10000	0.035636
0	128	3	100	2000	0.035647
46	128	3	100	2000	0.035664
62	128	3	100	4000	0.035769
48	128	3	100	12000	0.035821
62	128	3	100	12000	0.035826
62	128	3	100	2000	0.035839
14	128	3	100	3000	0.03586
0	128	3	100	7000	0.035864
0	128	3	100	16000	0.035926
112	128	3	100	14000	0.035957
64	128	3	100	5000	0.035969
14	128	3	100	7000	0.035971
64	128	3	100	5000	0.035982
112	128	3	100	6000	0.036014
0	128	3	100	4000	0.036017
64	128	3	100	7000	0.036048
62	128	3	100	10000	0.036067
48	128	3	100	12000	0.036082
14	128	3	100	24000	0.036085
0	128	3	100	37000	0.036159
0	128	3	100	3000	0.036166
14	128	3	100	8000	0.036168
14	128	3	100	8000	0.036205
46	128	3	100	7000	0.036211
14	128	3	100	6000	0.036221
112	128	3	100	383000	0.036224
0	128	3	100	19000	0.036253
64	128	3	100	16000	0.036262
0	128	3	100	11000	0.036267
48	128	3	100	6000	0.036275
62	128	3	100	4000	0.036282
14	128	3	100	6000	0.036286
0	128	3	100	2000	0.036289
48	128	3	100	2000	0.03629
32	128	3	100	3000	0.03631
32	128	3	100	6000	0.036329
14	128	3	100	7000	0.036329
62	128	3	100	6000	0.036344
64	128	3	100	4000	0.036355
62	128	3	100	2000	0.036357
62	128	3	100	2000	0.036379
64	128	3	100	29000	0.03638
32	128	3	100	6000	0.036397
48	128	3	100	7000	0.036415
112	128	3	100	2000	0.036439
48	128	3	100	13000	0.036477
62	128	3	100	1000	0.036503
112	128	3	100	6000	0.036521
30	128	3	100	3000	0.036522
62	128	3	100	3000	0.036524
32	128	3	100	11000	0.036526
32	128	3	100	9000	0.03655
62	128	3	100	2000	0.036598
30	128	3	100	15000	0.03661
62	128	3	100	3000	0.036624
112	128	3	100	16000	0.036627
48	128	3	100	10000	0.036643
14	128	3	100	3000	0.036665
64	128	3	100	5000	0.036674
46	128	3	100	6000	0.03672
48	128	3	100	2000	0.036726
64	128	3	100	1000	0.036727
14	128	3	100	8000	0.036756
64	128	3	100	9000	0.036771
32	128	3	100	10000	0.036785
30	128	3	100	11000	0.036796
14	128	3	100	7000	0.036797
14	128	3	100	21000	0.036841
48	128	3	100	11000	0.036869
112	128	3	100	6000	0.03692
112	128	3	100	8000	0.036947
64	128	3	100	21000	0.036954
64	128	3	100	4000	0.036973
112	128	3	100	34000	0.037001
30	128	3	100	10000	0.037001
46	128	3	100	7000	0.037011
48	128	3	100	3000	0.037016
112	128	3	100	9000	0.037035
112	128	3	100	3000	0.037049
32	128	3	100	5000	0.037065
14	128	3	100	1000	0.03708
112	128	3	100	4000	0.037084
14	128	3	100	6000	0.037122
30	128	3	100	7000	0.037123
14	128	3	100	1000	0.037137
0	128	3	100	4000	0.037193
64	128	3	100	18000	0.0372
32	128	3	100	23000	0.037243
48	128	3	100	10000	0.037248
14	128	3	100	6000	0.037252
30	128	3	100	3000	0.037275
64	128	3	100	23000	0.037289
64	128	3	100	7000	0.037334
62	128	3	100	4000	0.037341
48	128	3	100	18000	0.037373
62	128	3	100	4000	0.037388
14	128	3	100	8000	0.037399
30	128	3	100	24000	0.037401
46	128	3	100	8000	0.037404
112	128	3	100	15000	0.037434
64	128	3	100	9000	0.037461
48	128	3	100	4000	0.037488
0	128	3	100	17000	0.037501
46	128	3	100	2000	0.037516
30	128	3	100	8000	0.037518
48	128	3	100	16000	0.037531
48	128	3	100	5000	0.037532
64	128	3	100	2000	0.03756
62	128	3	100	20000	0.037572
62	128	3	100	16000	0.0376
62	128	3	100	8000	0.037687
112	128	3	100	38000	0.037724
48	128	3	100	3000	0.037763
30	128	3	100	4000	0.037763
30	128	3	100	19000	0.037776
112	128	3	100	30000	0.037784
48	128	3	100	4000	0.037798
30	128	3	100	5000	0.037803
0	128	3	100	9000	0.03781
14	128	3	100	9000	0.037814
32	128	3	100	7000	0.037845
112	128	3	100	4000	0.037847
14	128	3	100	22000	0.037864
64	128	3	100	5000	0.037893
112	128	3	100	2000	0.037914
62	128	3	100	26000	0.037967
14	128	3	100	4000	0.037976
46	128	3	100	5000	0.038012
46	128	3	100	12000	0.038021
48	128	3	100	16000	0.038023
112	128	3	100	9000	0.03804
32	128	3	100	63000	0.038049
64	128	3	100	5000	0.038059
32	128	3	100	19000	0.038083
46	128	3	100	21000	0.038085
30	128	3	100	6000	0.038105
64	128	3	100	12000	0.038115
30	128	3	100	3000	0.03812
0	128	3	100	14000	0.038142
64	128	3	100	3000	0.03819
48	128	3	100	6000	0.03821
64	128	3	100	28000	0.038216
64	128	3	100	9000	0.038245
112	128	3	100	4000	0.038247
112	128	3	100	46000	0.03829
0	128	3	100	19000	0.038316
46	128	3	100	4000	0.03835
30	128	3	100	11000	0.038355
32	128	3	100	4000	0.038356
62	128	3	100	14000	0.03837
64	128	3	100	1000	0.038394
48	128	3	100	4000	0.038434
0	128	3	100	4000	0.038467
14	128	3	100	8000	0.038484
32	128	3	100	3000	0.038529
14	128	3	100	8000	0.03853
30	128	3	100	11000	0.038553
48	128	3	100	10000	0.038565
48	128	3	100	11000	0.038617
30	128	3	100	6000	0.038638
14	128	3	100	15000	0.038663
0	128	3	100	4000	0.038698
64	128	3	100	8000	0.038707
46	128	3	100	429000	0.038715
64	128	3	100	16000	0.038745
14	128	3	100	5000	0.038761
64	128	3	100	5000	0.038765
14	128	3	100	4000	0.038814
0	128	3	100	15000	0.038887
32	128	3	100	4000	0.0389
62	128	3	100	11000	0.038924
62	128	3	100	5000	0.038941
0	128	3	100	3000	0.038973
46	128	3	100	184000	0.038978
0	128	3	100	4000	0.039007
62	128	3	100	5000	0.03901
64	128	3	100	10000	0.03905
48	128	3	100	7000	0.039081
48	128	3	100	11000	0.03909
64	128	3	100	1000	0.039113
48	128	3	100	7000	0.03912
64	128	3	100	9000	0.039141
46	128	3	100	152000	0.039148
112	128	3	100	8000	0.039201
16	128	3	100	1000	0.03923
48	128	3	100	12000	0.039262
14	128	3	100	4000	0.039273
64	128	3	100	3000	0.039276
14	128	3	100	3000	0.039288
48	128	3	100	2000	0.039306
46	128	3	100	216000	0.039346
0	128	3	100	14000	0.039351
112	128	3	100	7000	0.039377
30	128	3	100	1000	0.039392
112	128	3	100	3000	0.039394
30	128	3	100	42000	0.039397
0	128	3	100	29000	0.039419
0	128	3	100	15000	0.03944
62	128	3	100	3000	0.039457
112	128	3	100	18000	0.039465
48	128	3	100	9000	0.039467
30	128	3	100	3000	0.039474
48	128	3	100	12000	0.039492
62	128	3	100	23000	0.039509
0	128	3	100	1000	0.039545
32	128	3	100	5000	0.039562
112	128	3	100	15000	0.039603
16	128	3	100	21000	0.039623
32	128	3	100	8000	0.039661
48	128	3	100	2000	0.039674
14	128	3	100	17000	0.03973
32	128	3	100	11000	0.039732
64	128	3	100	2000	0.039762
30	128	3	100	230000	0.039783
30	128	3	100	4000	0.039791
16	128	3	100	2000	0.039791
30	128	3	100	6000	0.039802
48	128	3	100	1000	0.03981
30	128	3	100	5000	0.039814
14	128	3	100	5000	0.039821
14	128	3	100	25000	0.03984
32	128	3	100	6000	0.039867
112	128	3	100	1000	0.039872
30	128	3	100	15000	0.039919
46	128	3	100	77000	0.039934
32	128	3	100	2000	0.039966
30	128	3	100	10000	0.040008
0	128	3	100	4000	0.040025
64	128	3	100	3000	0.040034
32	128	3	100	9000	0.040055
0	128	3	100	11000	0.040058
16	128	3	100	11000	0.040078
48	128	3	100	2000	0.040133
112	128	3	100	5000	0.040188
32	128	3	100	4000	0.040188
62	128	3	100	3000	0.040218
62	128	3	100	38000	0.040274
64	128	3	100	6000	0.040289
32	128	3	100	4000	0.040295
0	128	3	100	14000	0.04031
64	128	3	100	2000	0.040317
48	128	3	100	15000	0.040356
0	128	3	100	12000	0.040368
30	128	3	100	9000	0.040371
64	128	3	100	14000	0.040395
14	128	3	100	6000	0.040405
64	128	3	100	9000	0.040422
30	128	3	100	8000	0.040424
16	128	3	100	8000	0.040446
46	128	3	100	237000	0.040455
62	128	3	100	5000	0.040473
62	128	3	100	1000	0.040482
62	128	3	100	6000	0.040484
64	128	3	100	5000	0.040495
62	128	3	100	7000	0.040501
112	128	3	100	9000	0.040519
48	128	3	100	3000	0.040528
14	128	3	100	16000	0.040604
112	128	3	100	5000	0.040674
32	128	3	100	13000	0.040694
30	128	3	100	107000	0.040697
14	128	3	100	7000	0.040707
64	128	3	100	33000	0.040723
30	128	3	100	1000	0.040739
64	128	3	100	31000	0.040771
32	128	3	100	2000	0.040776
62	128	3	100	3000	0.040782
48	128	3	100	6000	0.040915
32	128	3	100	31000	0.04098
32	128	3	100	11000	0.040998
112	128	3	100	7000	0.041018
62	128	3	100	6000	0.041023
112	128	3	100	29000	0.041028
112	128	3	100	4000	0.041051
48	128	3	100	13000	0.041051
48	128	3	100	13000	0.04106
32	128	3	100	9000	0.04106
64	128	3	100	38000	0.041061
62	128	3	100	6000	0.041078
112	128	3	100	3000	0.041082
32	128	3	100	3000	0.041085
112	128	3	100	6000	0.041092
30	128	3	100	7000	0.041124
62	128	3	100	10000	0.041137
30	128	3	100	5000	0.041138
0	128	3	100	6000	0.041144
64	128	3	100	21000	0.041156
64	128	3	100	10000	0.041176
62	128	3	100	31000	0.041203
46	128	3	100	412000	0.041204
32	128	3	100	2000	0.041205
62	128	3	100	3000	0.041215
16	128	3	100	21000	0.041257
32	128	3	100	5000	0.041267
112	128	3	100	2000	0.04129
64	128	3	100	25000	0.041291
48	128	3	100	6000	0.041317
0	128	3	100	4000	0.041332
30	128	3	100	145000	0.041354
32	128	3	100	1000	0.041367
112	128	3	100	7000	0.041387
62	128	3	100	15000	0.04139
48	128	3	100	9000	0.041392
48	128	3	100	14000	0.041401
16	128	3	100	12000	0.041402
48	128	3	100	1000	0.041404
62	128	3	100	2000	0.041411
48	128	3	100	29000	0.041469
30	128	3	100	3000	0.041488
32	128	3	100	3000	0.041491
0	128	3	100	47000	0.04153
112	128	3	100	5000	0.041596
32	128	3	100	2000	0.041606
48	128	3	100	3000	0.041616
0	128	3	100	8000	0.041627
64	128	3	100	26000	0.041629
32	128	3	100	12000	0.04163
64	128	3	100	2000	0.041635
0	128	3	100	1000	0.041642
112	128	3	100	8000	0.041646
30	128	3	100	14000	0.041662
30	128	3	100	10000	0.04168
112	128	3	100	8000	0.041695
32	128	3	100	4000	0.041707
112	128	3	100	7000	0.041727
0	128	3	100	8000	0.041741
112	128	3	100	41000	0.041755
30	128	3	100	2000	0.041758
48	128	3	100	1000	0.041763
112	128	3	100	8000	0.041772
64	128	3	100	4000	0.041791
112	128	3	100	3000	0.041798
64	128	3	100	7000	0.04182
64	128	3	100	5000	0.041827
62	128	3	100	2000	0.041828
32	128	3	100	7000	0.041936
30	128	3	100	364000	0.041957
32	128	3	100	1000	0.041964
64	128	3	100	1000	0.041967
112	128	3	100	11000	0.041972
62	128	3	100	8000	0.041978
48	128	3	100	2000	0.041982
112	128	3	100	16000	0.042001
30	128	3	100	17000	0.042028
32	128	3	100	2000	0.042036
32	128	3	100	9000	0.042053
112	128	3	100	18000	0.042101
30	128	3	100	1000	0.042117
64	128	3	100	10000	0.042122
32	128	3	100	10000	0.04213
32	128	3	100	18000	0.042243
48	128	3	100	18000	0.042269
64	128	3	100	2000	0.042292
64	128	3	100	15000	0.04233
48	128	3	100	15000	0.042388
30	128	3	100	14000	0.04244
64	128	3	100	2000	0.042454
112	128	3	100	1000	0.042507
112	128	3	100	6000	0.042544
64	128	3	100	1000	0.042623
64	128	3	100	17000	0.042692
48	128	3	100	6000	0.042716
30	128	3	100	704000	0.042741
48	128	3	100	2000	0.042857
48	128	3	100	23000	0.042866
30	128	3	100	45000	0.042875
48	128	3	100	4000	0.043247
48	128	3	100	3000	0.043587
48	128	3	100	6000	0.043671
48	128	3	100	3000	0.043736
48	128	3	100	8000	0.043799
48	128	3	100	2000	0.043892
				
