0b001e01 0b008001 10000 100 3000 14999 2926 2422
0b008001 0b002e01 10000 100 6000 58000 3762 3051
0b008001 0b001e01 10000 100 5000 58999 3599 2842
0b002001 0b008001 10000 100 21000 61999 6688 6195
0b000e01 0b008001 10000 100 10000 70999 4389 3890
0b002e01 0b008001 10000 100 3000 78999 3135 2422
0b008001 0b002e01 10001 100 11000 78999 4631 4099
0b008001 0b001001 10000 100 10000 89999 4720 3890
0b000001 0b008001 10000 100 23000 88999 7216 6614
0b003e01 0b008001 10000 100 4000 94999 3309 2632
0b008001 0b007001 10000 100 6000 97999 4676 3051
0b008001 0b003001 10000 100 23000 96999 8393 6614
0b003e01 0b008001 10001 100 8000 110999 4178 3470
0b008001 0b000e01 10000 100 15000 112999 5511 4938
0b001001 0b008001 10000 100 2000 118999 2717 2213
0b008001 0b004001 10000 100 21000 130999 7942 6195
0b008001 0b003e01 10000 100 9000 134000 5568 3680
0b001e01 0b008001 10001 100 17000 150999 5852 5357
0b002001 0b008001 10001 100 8000 157999 3971 3470
0b008001 0b000e01 10001 100 20000 163999 6479 5986
0b008001 0b000e01 10002 100 4000 167999 3315 2632
0b008001 0b000001 10000 100 3000 168999 2942 2422
0b003001 0b008001 10000 100 5000 177999 3344 2842
0b000001 0b008001 10001 100 6000 210999 4644 3051
0b001001 0b008001 10001 100 39000 210000 11704 9968
0b008001 0b000e01 10003 100 29000 222999 8360 7872
0b008001 0b004001 10001 100 2000 230000 3309 2213
0b001e01 0b008001 10002 100 5000 230999 3572 2842
0b008001 0b003e01 10001 100 21000 228999 7211 6195
0b008001 0b000001 10001 100 4000 241000 3135 2632
0b003001 0b008001 10001 100 5000 243999 3344 2842
0b008001 0b003e01 10002 100 10000 251999 4389 3890
0b001e01 0b008001 10003 100 8000 277999 4089 3470
0b008001 0b000e01 10004 100 8000 280999 3993 3470
0b008001 0b002e01 10002 100 30000 299999 8569 8082
0b008001 0b007001 10001 100 7000 308999 3762 3261
0b003001 0b008001 10002 100 4000 319000 3135 2632
0b008001 0b007001 10002 100 9000 322999 4180 3680
0b008001 0b000001 10002 100 42000 342000 11077 10597
0b008001 0b002e01 10003 100 7000 400000 3762 3261
0b002001 0b008001 10002 100 15000 407000 5434 4938
0b008001 0b001e01 10001 100 32000 416999 8987 8501
0b003001 0b008001 10003 100 9000 435000 4180 3680
0b008001 0b002e01 10004 100 12000 444999 4807 4309
0b004001 0b008001 10000 100 4000 453999 3135 2632
0b003e01 0b008001 10002 100 1000 494999 2821 2003
0b008001 0b003001 10001 100 1000 498999 2796 2003
0b008001 0b007001 10003 100 5000 497999 4665 2842
0b008001 0b004001 10002 100 36000 491000 12313 9339
0b001001 0b008001 10002 100 135000 487000 31185 30090
0b001001 0b008001 10003 100 14000 520999 5225 4728
0b008001 0b004001 10003 100 91000 532000 21318 20867
0b003e01 0b008001 10003 100 2000 556999 2717 2213
0b008001 0b002e01 10005 100 20000 560999 6479 5986
0b008001 0b000e01 10005 100 13000 567000 5016 4518
0b008001 0b001001 10001 100 4000 569999 3135 2632
0b003e01 0b008001 10004 100 5000 583999 3344 2842
0b004001 0b008001 10001 100 1000 607000 2597 2003
0b008001 0b001001 10002 100 7000 613999 4211 3261
0b003e01 0b008001 10005 100 7000 616000 5378 3261
0b001001 0b008001 10004 100 121000 604999 29337 27155
0b004001 0b008001 10002 100 4000 639000 3135 2632
0b008001 0b002e01 10006 100 22000 641999 6897 6405
0b008001 0b003001 10002 100 1000 657000 2717 2003
0b008001 0b002e01 10007 100 16000 657000 5852 5147
0b002001 0b008001 10003 100 5000 671000 3344 2842
0b008001 0b003001 10003 100 3000 675999 3390 2422
0b003001 0b008001 10004 100 2000 679000 2732 2213
0b008001 0b003e01 10004 100 20000 681999 10579 5986
0b008001 0b003e01 10003 100 59000 675000 19739 14160
0b001e01 0b008001 10004 100 8000 692000 4036 3470
0b008001 0b003e01 10005 100 6000 693999 4732 3051
0b008001 0b003e01 10006 100 9000 697000 5911 3680
0b008001 0b007001 10004 100 36000 693000 14927 9339
0b008001 0b004001 10004 100 3000 706000 3808 2422
0b008001 0b003001 10004 100 16000 702000 9689 5147
0b008001 0b003001 10005 100 17000 705000 8570 5357
0b008001 0b002e01 10008 100 14000 723000 5225 4728
0b001001 0b008001 10005 100 21000 729999 6849 6195
0b008001 0b003001 10006 100 28000 733999 8261 7662
0b000001 0b008001 10002 100 3000 743999 2926 2422
0b000001 0b008001 10003 100 6000 752999 3553 3051
0b008001 0b003e01 10007 100 6000 756000 3553 3051
0b002001 0b008001 10004 100 3000 760999 2926 2422
0b008001 0b001e01 10002 100 1000 781000 2508 2003
0b008001 0b002001 10000 100 29000 788999 8360 7872
0b001e01 0b008001 10005 100 6000 796999 3553 3051
0b008001 0b000e01 10006 100 44000 806999 11495 11016
0b008001 0b002e01 10010 100 11000 839000 6868 4099
0b008001 0b002e01 10009 100 68000 835000 18810 16046
0b003e01 0b008001 10006 100 19000 854000 6270 5776
0b008001 0b000001 10003 100 7000 873999 4859 3261
0b000001 0b008001 10004 100 4000 876999 3146 2632
0b008001 0b000001 10004 100 1000 881999 2508 2003
0b001001 0b008001 10006 100 24000 884000 7315 6824
0b008001 0b002e01 10011 100 2000 912999 2972 2213
0b008001 0b002001 10001 100 53000 912000 13794 12902
0b008001 0b002001 10002 100 20000 926999 6479 5986
0b008001 0b007001 10005 100 2000 947999 2926 2213
0b008001 0b003001 10007 100 5000 947999 3762 2842
