0b004301 0b000101 10000 100 10000000 2000000000 135754311 3358000
0b004401 0b000101 10000 100 10000000 2000000000 135754398 3358000
0b004501 0b000101 10000 100 10000000 2000000000 135754485 3358000
0b004601 0b000101 10000 100 10000000 2000000000 135754572 3358000
0b004701 0b000101 10000 100 10000000 2000000000 135754659 3358000
0b004801 0b000101 10000 100 10000000 2000000000 135754746 3358000
0b004901 0b000101 10000 100 10000000 2000000000 135754833 3358000
0b004a01 0b000101 10000 100 10000000 2000000000 135754920 3358000
0b004b01 0b000101 10000 100 10000000 2000000000 135755007 3358000
0b004c01 0b000101 10000 100 10000000 2000000000 135755094 3358000
0b004d01 0b000101 10000 100 10000000 2000000000 135755181 3358000
0b004e01 0b000101 10000 100 10000000 2000000000 135755268 3358000
0b004f01 0b000101 10000 100 10000000 2000000000 135755355 3358000
0b005001 0b000101 10000 100 10000000 2000000000 135755442 3358000
0b005101 0b000101 10000 100 10000000 2000000000 135755529 3358000
0b005201 0b000101 10000 100 10000000 2000000000 135755616 3358000
0b005301 0b000101 10000 100 10000000 2000000000 135755703 3358000
0b005401 0b000101 10000 100 10000000 2000000000 135755790 3358000
0b005501 0b000101 10000 100 10000000 2000000000 135755877 3358000
0b005601 0b000101 10000 100 10000000 2000000000 135755964 3358000
0b005701 0b000101 10000 100 10000000 2000000000 135756051 3358000
0b005801 0b000101 10000 100 10000000 2000000000 135756138 3358000
0b005901 0b000101 10000 100 10000000 2000000000 135756225 3358000
0b005a01 0b000101 10000 100 10000000 2000000000 135756312 3358000
0b005b01 0b000101 10000 100 10000000 2000000000 135756399 3358000
0b005c01 0b000101 10000 100 10000000 2000000000 135756486 3358000
0b005d01 0b000101 10000 100 10000000 2000000000 135756573 3358000
0b005e01 0b000101 10000 100 10000000 2000000000 135756660 3358000
0b005f01 0b000101 10000 100 10000000 2000000000 135756747 3358000
0b006001 0b000101 10000 100 10000000 2000000000 135756834 3358000
0b006101 0b000101 10000 100 10000000 2000000000 135756921 3358000
0b006201 0b000101 10000 100 10000000 2000000000 135757008 3358000
0b006301 0b000101 10000 100 10000000 2000000000 135757095 3358000
0b006401 0b000101 10000 100 10000000 2000000000 135757182 3358000
0b006501 0b000101 10000 100 10000000 2000000000 135757269 3358000
0b006601 0b000101 10000 100 10000000 2000000000 135757356 3358000
0b006701 0b000101 10000 100 10000000 2000000000 135757443 3358000
0b006801 0b000101 10000 100 10000000 2000000000 135757530 3358000
0b006901 0b000101 10000 100 10000000 2000000000 135757617 3358000
0b006a01 0b000101 10000 100 10000000 2000000000 135757704 3358000
0b006b01 0b000101 10000 100 10000000 2000000000 135757791 3358000
0b006c01 0b000101 10000 100 10000000 2000000000 135757878 3358000
0b006d01 0b000101 10000 100 10000000 2000000000 135757965 3358000
0b006e01 0b000101 10000 100 10000000 2000000000 135758052 3358000
0b006f01 0b000101 10000 100 10000000 2000000000 135758139 3358000
0b007001 0b000101 10000 100 10000000 2000000000 135758226 3358000
0b007101 0b000101 10000 100 10000000 2000000000 135758313 3358000
0b007201 0b000101 10000 100 10000000 2000000000 135758400 3358000
0b007301 0b000101 10000 100 10000000 2000000000 135758487 3358000
0b007401 0b000101 10000 100 10000000 2000000000 135758574 3358000
0b007501 0b000101 10000 100 10000000 2000000000 135758661 3358000
0b007601 0b000101 10000 100 10000000 2000000000 135758748 3358000
0b007701 0b000101 10000 100 10000000 2000000000 135758835 3358000
0b007801 0b000101 10000 100 10000000 2000000000 135758922 3358000
0b007901 0b000101 10000 100 10000000 2000000000 135759009 3358000
0b007a01 0b000101 10000 100 10000000 2000000000 135759096 3358000
0b007b01 0b000101 10000 100 10000000 2000000000 135759183 3358000
0b007c01 0b000101 10000 100 10000000 2000000000 135759270 3358000
0b007d01 0b000101 10000 100 10000000 2000000000 135759357 3358000
0b007e01 0b000101 10000 100 10000000 2000000000 135759444 3358000
0b007f01 0b000101 10000 100 10000000 2000000000 135759531 3358000
0b008001 0b000101 10000 100 10000000 2000000000 135759618 3358000
0b008101 0b000101 10000 100 10000000 2000000000 135759705 3358000
0b008201 0b000101 10000 100 10000000 2000000000 135759792 3358000
0b008301 0b000101 10000 100 10000000 2000000000 135759879 3358000
0b008401 0b000101 10000 100 10000000 2000000000 135759966 3358000
0b008501 0b000101 10000 100 10000000 2000000000 135760053 3358000
0b008601 0b000101 10000 100 10000000 2000000000 135760140 3358000
0b008701 0b000101 10000 100 10000000 2000000000 135760227 3358000
0b008801 0b000101 10000 100 10000000 2000000000 135760314 3358000
0b008901 0b000101 10000 100 10000000 2000000000 135760401 3358000
0b008a01 0b000101 10000 100 10000000 2000000000 135760488 3358000
0b008b01 0b000101 10000 100 10000000 2000000000 135760575 3358000
0b008c01 0b000101 10000 100 10000000 2000000000 135760662 3358000
0b008d01 0b000101 10000 100 10000000 2000000000 135760749 3358000
0b008e01 0b000101 10000 100 10000000 2000000000 135760836 3358000
0b008f01 0b000101 10000 100 10000000 2000000000 135760923 3358000
0b009001 0b000101 10000 100 10000000 2000000000 135761010 3358000
0b009101 0b000101 10000 100 10000000 2000000000 135761097 3358000
0b009201 0b000101 10000 100 10000000 2000000000 135761184 3358000
0b009301 0b000101 10000 100 10000000 2000000000 135761271 3358000
0b009401 0b000101 10000 100 10000000 2000000000 135761358 3358000
0b009501 0b000101 10000 100 10000000 2000000000 135761445 3358000
0b009601 0b000101 10000 100 10000000 2000000000 135761532 3358000
0b009701 0b000101 10000 100 10000000 2000000000 135761619 3358000
0b009801 0b000101 10000 100 10000000 2000000000 135761706 3358000
0b009901 0b000101 10000 100 10000000 2000000000 135761793 3358000
0b009a01 0b000101 10000 100 10000000 2000000000 135761880 3358000
0b009b01 0b000101 10000 100 10000000 2000000000 135761967 3358000
0b009c01 0b000101 10000 100 10000000 2000000000 135762054 3358000
0b009d01 0b000101 10000 100 10000000 2000000000 135762141 3358000
0b009e01 0b000101 10000 100 10000000 2000000000 135762228 3358000
0b009f01 0b000101 10000 100 10000000 2000000000 135762315 3358000
0b00a001 0b000101 10000 100 10000000 2000000000 135762402 3358000
0b00a101 0b000101 10000 100 10000000 2000000000 135762489 3358000
0b00a201 0b000101 10000 100 10000000 2000000000 135762576 3358000
0b00a301 0b000101 10000 100 10000000 2000000000 135762663 3358000
0b00a401 0b000101 10000 100 10000000 2000000000 135762750 3358000
0b00a501 0b000101 10000 100 10000000 2000000000 135762837 3358000
0b00a601 0b000101 10000 100 10000000 2000000000 135762924 3358000
0b00a701 0b000101 10000 100 10000000 2000000000 135763011 3358000
0b00a801 0b000101 10000 100 10000000 2000000000 135763098 3358000
0b00a901 0b000101 10000 100 10000000 2000000000 135763185 3358000
0b00aa01 0b000101 10000 100 10000000 2000000000 135763272 3358000
0b00ab01 0b000101 10000 100 10000000 2000000000 135763359 3358000
0b00ac01 0b000101 10000 100 10000000 2000000000 135763446 3358000
0b00ad01 0b000101 10000 100 10000000 2000000000 135763533 3358000
0b00ae01 0b000101 10000 100 10000000 2000000000 135763620 3358000
0b00af01 0b000101 10000 100 10000000 2000000000 135763707 3358000
0b00b001 0b000101 10000 100 10000000 2000000000 135763794 3358000
0b00b101 0b000101 10000 100 10000000 2000000000 135763881 3358000
0b00b201 0b000101 10000 100 10000000 2000000000 135763968 3358000
0b00b301 0b000101 10000 100 10000000 2000000000 135764055 3358000
0b00b401 0b000101 10000 100 10000000 2000000000 135764142 3358000
0b00b501 0b000101 10000 100 10000000 2000000000 135764229 3358000
0b00b601 0b000101 10000 100 10000000 2000000000 135764316 3358000
0b00b701 0b000101 10000 100 10000000 2000000000 135764403 3358000
0b00b801 0b000101 10000 100 10000000 2000000000 135764490 3358000
0b00b901 0b000101 10000 100 10000000 2000000000 135764577 3358000
0b00ba01 0b000101 10000 100 10000000 2000000000 135764664 3358000
0b00bb01 0b000101 10000 100 10000000 2000000000 135764751 3358000
0b00bc01 0b000101 10000 100 10000000 2000000000 135764838 3358000
0b00bd01 0b000101 10000 100 10000000 2000000000 135764925 3358000
0b00be01 0b000101 10000 100 10000000 2000000000 135765012 3358000
0b00bf01 0b000101 10000 100 10000000 2000000000 135765099 3358000
0b00c001 0b000101 10000 100 10000000 2000000000 135765186 3358000
0b00c101 0b000101 10000 100 10000000 2000000000 135765273 3358000
0b00c201 0b000101 10000 100 10000000 2000000000 135765360 3358000
0b00c301 0b000101 10000 100 10000000 2000000000 135765447 3358000
0b00c401 0b000101 10000 100 10000000 2000000000 135765534 3358000
0b00c501 0b000101 10000 100 10000000 2000000000 135765621 3358000
0b00c601 0b000101 10000 100 10000000 2000000000 135765708 3358000
0b00c701 0b000101 10000 100 10000000 2000000000 135765795 3358000
0b00c801 0b000101 10000 100 10000000 2000000000 135765882 3358000
0b002701 0b000101 10000 100 5000000 2000000000 144233609 423360
0b001c01 0b000101 10000 100 5000000 2000000000 144482033 423360
0b002e01 0b000101 10000 100 5000000 2000000000 144558130 423360
0b003501 0b000101 10000 100 5000000 2000000000 144654457 423360
0b001a01 0b000101 10000 100 5000000 2000000000 144666063 423360
0b001f01 0b000101 10000 100 5000000 2000000000 144698311 423360
0b001e01 0b000101 10000 100 5000000 2000000000 144754608 423360
0b000601 0b000101 10000 100 5000000 2000000000 144818982 423360
0b003d01 0b000101 10000 100 5000000 2000000000 144915226 423360
0b002201 0b000101 10000 100 5000000 2000000000 144939500 423360
0b001501 0b000101 10000 100 5000000 2000000000 144977365 423360
0b000f01 0b000101 10000 100 5000000 2000000000 145029598 423360
0b002d01 0b000101 10000 100 5000000 2000000000 145032904 423360
0b002f01 0b000101 10000 100 5000000 2000000000 145074699 423360
0b002501 0b000101 10000 100 5000000 2000000000 145078701 423360
0b001001 0b000101 10000 100 5000000 2000000000 145081485 423360
0b001b01 0b000101 10000 100 5000000 2000000000 145101066 423360
0b001701 0b000101 10000 100 5000000 2000000000 145111709 423360
0b003701 0b000101 10000 100 5000000 2000000000 145121635 423360
0b002901 0b000101 10000 100 5000000 2000000000 145127292 423360
0b001601 0b000101 10000 100 5000000 2000000000 145142814 423360
0b000501 0b000101 10000 100 5000000 2000000000 145163064 423360
0b001301 0b000101 10000 100 5000000 2000000000 145175468 423360
0b001d01 0b000101 10000 100 5000000 2000000000 145177121 423360
0b003101 0b000101 10000 100 5000000 2000000000 145214558 423360
0b003801 0b000101 10000 100 5000000 2000000000 145235225 423360
0b000a01 0b000101 10000 100 5000000 2000000000 145237574 423360
0b000801 0b000101 10000 100 5000000 2000000000 145249643 423360
0b000c01 0b000101 10000 100 5000000 2000000000 145260468 423360
0b003601 0b000101 10000 100 5000000 2000000000 145263907 423360
0b003201 0b000101 10000 100 5000000 2000000000 145271946 423360
0b003401 0b000101 10000 100 5000000 2000000000 145275083 423360
0b000701 0b000101 10000 100 5000000 2000000000 145302746 423360
0b000901 0b000101 10000 100 5000000 2000000000 145315781 423360
0b001901 0b000101 10000 100 5000000 2000000000 145323747 423360
0b001401 0b000101 10000 100 5000000 2000000000 145333160 423360
0b002301 0b000101 10000 100 5000000 2000000000 145341445 423360
0b002401 0b000101 10000 100 5000000 2000000000 145343814 423360
0b002a01 0b000101 10000 100 5000000 2000000000 145344701 423360
0b003301 0b000101 10000 100 5000000 2000000000 145345250 423360
0b002001 0b000101 10000 100 5000000 2000000000 145346246 423360
0b001201 0b000101 10000 100 5000000 2000000000 145347386 423360
0b002101 0b000101 10000 100 5000000 2000000000 145348439 423360
0b003e01 0b000101 10000 100 5000000 2000000000 145353208 423360
0b000b01 0b000101 10000 100 5000000 2000000000 145356890 423360
0b002801 0b000101 10000 100 5000000 2000000000 145357064 423360
0b001101 0b000101 10000 100 5000000 2000000000 145365122 423360
0b003b01 0b000101 10000 100 5000000 2000000000 145371246 423360
0b004001 0b000101 10000 100 5000000 2000000000 145375259 423360
0b000e01 0b000101 10000 100 5000000 2000000000 145377901 423360
0b002c01 0b000101 10000 100 5000000 2000000000 145386441 423360
0b001801 0b000101 10000 100 5000000 2000000000 145386789 423360
0b002b01 0b000101 10000 100 5000000 2000000000 145386876 423360
0b003c01 0b000101 10000 100 5000000 2000000000 145388642 423360
0b003f01 0b000101 10000 100 5000000 2000000000 145398494 423360
0b003901 0b000101 10000 100 5000000 2000000000 145398842 423360
0b003001 0b000101 10000 100 5000000 2000000000 145402945 423360
0b002601 0b000101 10000 100 5000000 2000000000 145415220 423360
0b000d01 0b000101 10000 100 5000000 2000000000 145435133 423360
0b003a01 0b000101 10000 100 5000000 2000000000 145439308 423360
0b004201 0b000101 10000 100 10000000 2000000000 148455729 842560
0b004101 0b000101 10000 100 10000000 2000000000 148509469 842560
0b000401 0b000101 10000 100 150000000 2000000000 180418780 12580160
0b000301 0b000101 10000 100 200000000 2000000000 190276592 16772160
0b000201 0b000101 10000 100 200000000 2000000000 195380631 16772160
