0b001f01 0b000101 10000 100 5000000 2000000000 80926332 423360
0b001c01 0b000101 10000 100 5000000 2000000000 80950944 423360
0b002101 0b000101 10000 100 5000000 2000000000 80954724 423360
0b001d01 0b000101 10000 100 5000000 2000000000 80959092 423360
0b002501 0b000101 10000 100 5000000 2000000000 80982024 423360
0b000f01 0b000101 10000 100 5000000 2000000000 80986056 423360
0b002801 0b000101 10000 100 5000000 2000000000 80987400 423360
0b002601 0b000101 10000 100 5000000 2000000000 81004872 423360
0b001301 0b000101 10000 100 5000000 2000000000 81013272 423360
0b002201 0b000101 10000 100 5000000 2000000000 81017808 423360
0b001e01 0b000101 10000 100 5000000 2000000000 81020580 423360
0b001001 0b000101 10000 100 5000000 2000000000 81020748 423360
0b002301 0b000101 10000 100 5000000 2000000000 81026880 423360
0b002001 0b000101 10000 100 5000000 2000000000 81027468 423360
0b002401 0b000101 10000 100 5000000 2000000000 81032004 423360
0b003b01 0b000101 10000 100 5000000 2000000000 81034776 423360
0b001201 0b000101 10000 100 5000000 2000000000 81050484 423360
0b001101 0b000101 10000 100 5000000 2000000000 81057540 423360
0b003d01 0b000101 10000 100 5000000 2000000000 81060900 423360
0b003801 0b000101 10000 100 5000000 2000000000 81061068 423360
0b002a01 0b000101 10000 100 5000000 2000000000 81065688 423360
0b003f01 0b000101 10000 100 5000000 2000000000 81067620 423360
0b002b01 0b000101 10000 100 5000000 2000000000 81069048 423360
0b001601 0b000101 10000 100 5000000 2000000000 81069804 423360
0b002c01 0b000101 10000 100 5000000 2000000000 81070308 423360
0b001a01 0b000101 10000 100 5000000 2000000000 81072660 423360
0b002d01 0b000101 10000 100 5000000 2000000000 81076860 423360
0b001b01 0b000101 10000 100 5000000 2000000000 81077196 423360
0b003201 0b000101 10000 100 5000000 2000000000 81078540 423360
0b002701 0b000101 10000 100 5000000 2000000000 81078960 423360
0b003e01 0b000101 10000 100 5000000 2000000000 81080808 423360
0b003301 0b000101 10000 100 5000000 2000000000 81081984 423360
0b003401 0b000101 10000 100 5000000 2000000000 81085260 423360
0b001501 0b000101 10000 100 5000000 2000000000 81086436 423360
0b002e01 0b000101 10000 100 5000000 2000000000 81088872 423360
0b001801 0b000101 10000 100 5000000 2000000000 81090552 423360
0b003501 0b000101 10000 100 5000000 2000000000 81093660 423360
0b001901 0b000101 10000 100 5000000 2000000000 81094752 423360
0b002901 0b000101 10000 100 5000000 2000000000 81096684 423360
0b003a01 0b000101 10000 100 5000000 2000000000 81098616 423360
0b003601 0b000101 10000 100 5000000 2000000000 81102648 423360
0b003c01 0b000101 10000 100 5000000 2000000000 81104832 423360
0b003701 0b000101 10000 100 5000000 2000000000 81108864 423360
0b001701 0b000101 10000 100 5000000 2000000000 81112812 423360
0b000d01 0b000101 10000 100 5000000 2000000000 81113736 423360
0b000e01 0b000101 10000 100 5000000 2000000000 81116508 423360
0b003101 0b000101 10000 100 5000000 2000000000 81123564 423360
0b001401 0b000101 10000 100 5000000 2000000000 81124572 423360
0b004001 0b000101 10000 100 5000000 2000000000 81124908 423360
0b003001 0b000101 10000 100 5000000 2000000000 81139020 423360
0b003901 0b000101 10000 100 5000000 2000000000 81148008 423360
0b002f01 0b000101 10000 100 5000000 2000000000 81164220 423360
0b000701 0b000101 10000 100 5000000 2000000000 81322476 423360
0b000501 0b000101 10000 100 5000000 2000000000 81347340 423360
0b000c01 0b000101 10000 100 5000000 2000000000 81348768 423360
0b000901 0b000101 10000 100 5000000 2000000000 81349020 423360
0b000a01 0b000101 10000 100 5000000 2000000000 81366156 423360
0b000b01 0b000101 10000 100 5000000 2000000000 81379680 423360
0b000601 0b000101 10000 100 5000000 2000000000 81389760 423360
0b000801 0b000101 10000 100 5000000 2000000000 82014216 423360
0b004201 0b000101 10000 100 10000000 2000000000 139733640 842560
0b004101 0b000101 10000 100 10000000 2000000000 139794204 842560
0b00c701 0b000101 10000 100 10000000 2000000000 141509751 3358000
0b009901 0b000101 10000 100 10000000 2000000000 141548223 3358000
0b008f01 0b000101 10000 100 10000000 2000000000 141686739 3358000
0b005f01 0b000101 10000 100 10000000 2000000000 141720003 3358000
0b008b01 0b000101 10000 100 10000000 2000000000 141740163 3358000
0b00b601 0b000101 10000 100 10000000 2000000000 141757803 3358000
0b00b401 0b000101 10000 100 10000000 2000000000 141761667 3358000
0b006501 0b000101 10000 100 10000000 2000000000 141763851 3358000
0b00ae01 0b000101 10000 100 10000000 2000000000 141768807 3358000
0b009801 0b000101 10000 100 10000000 2000000000 141770907 3358000
0b00a801 0b000101 10000 100 10000000 2000000000 141784935 3358000
0b007501 0b000101 10000 100 10000000 2000000000 141787203 3358000
0b009401 0b000101 10000 100 10000000 2000000000 141792663 3358000
0b006901 0b000101 10000 100 10000000 2000000000 141797787 3358000
0b004701 0b000101 10000 100 10000000 2000000000 141798963 3358000
0b00a001 0b000101 10000 100 10000000 2000000000 141801231 3358000
0b00b101 0b000101 10000 100 10000000 2000000000 141806775 3358000
0b00a401 0b000101 10000 100 10000000 2000000000 141808287 3358000
0b00b001 0b000101 10000 100 10000000 2000000000 141808539 3358000
0b005601 0b000101 10000 100 10000000 2000000000 141825759 3358000
0b004e01 0b000101 10000 100 10000000 2000000000 141827607 3358000
0b00b501 0b000101 10000 100 10000000 2000000000 141828279 3358000
0b004401 0b000101 10000 100 10000000 2000000000 141830799 3358000
0b00aa01 0b000101 10000 100 10000000 2000000000 141837183 3358000
0b009f01 0b000101 10000 100 10000000 2000000000 141837519 3358000
0b00a301 0b000101 10000 100 10000000 2000000000 141838863 3358000
0b00ac01 0b000101 10000 100 10000000 2000000000 141841719 3358000
0b004501 0b000101 10000 100 10000000 2000000000 141844071 3358000
0b00ab01 0b000101 10000 100 10000000 2000000000 141844323 3358000
0b009e01 0b000101 10000 100 10000000 2000000000 141844575 3358000
0b009501 0b000101 10000 100 10000000 2000000000 141846087 3358000
0b00a601 0b000101 10000 100 10000000 2000000000 141846759 3358000
0b004c01 0b000101 10000 100 10000000 2000000000 141849951 3358000
0b00ad01 0b000101 10000 100 10000000 2000000000 141854487 3358000
0b008a01 0b000101 10000 100 10000000 2000000000 141856923 3358000
0b004d01 0b000101 10000 100 10000000 2000000000 141857595 3358000
0b008601 0b000101 10000 100 10000000 2000000000 141857847 3358000
0b006701 0b000101 10000 100 10000000 2000000000 141860871 3358000
0b008501 0b000101 10000 100 10000000 2000000000 141862383 3358000
0b008201 0b000101 10000 100 10000000 2000000000 141865155 3358000
0b004301 0b000101 10000 100 10000000 2000000000 141865491 3358000
0b004801 0b000101 10000 100 10000000 2000000000 141866583 3358000
0b008101 0b000101 10000 100 10000000 2000000000 141867171 3358000
0b00a201 0b000101 10000 100 10000000 2000000000 141869607 3358000
0b008401 0b000101 10000 100 10000000 2000000000 141877503 3358000
0b004a01 0b000101 10000 100 10000000 2000000000 141879351 3358000
0b007e01 0b000101 10000 100 10000000 2000000000 141880275 3358000
0b004901 0b000101 10000 100 10000000 2000000000 141881199 3358000
0b009d01 0b000101 10000 100 10000000 2000000000 141882963 3358000
0b00a701 0b000101 10000 100 10000000 2000000000 141887079 3358000
0b008001 0b000101 10000 100 10000000 2000000000 141888339 3358000
0b007a01 0b000101 10000 100 10000000 2000000000 141890019 3358000
0b005401 0b000101 10000 100 10000000 2000000000 141897747 3358000
0b005501 0b000101 10000 100 10000000 2000000000 141899763 3358000
0b005001 0b000101 10000 100 10000000 2000000000 141902619 3358000
0b008901 0b000101 10000 100 10000000 2000000000 141904971 3358000
0b005201 0b000101 10000 100 10000000 2000000000 141907659 3358000
0b006101 0b000101 10000 100 10000000 2000000000 141907911 3358000
0b00a101 0b000101 10000 100 10000000 2000000000 141908415 3358000
0b006d01 0b000101 10000 100 10000000 2000000000 141920091 3358000
0b00a501 0b000101 10000 100 10000000 2000000000 141920763 3358000
0b005d01 0b000101 10000 100 10000000 2000000000 141925215 3358000
0b007f01 0b000101 10000 100 10000000 2000000000 141925467 3358000
0b008301 0b000101 10000 100 10000000 2000000000 141928323 3358000
0b005301 0b000101 10000 100 10000000 2000000000 141928743 3358000
0b005101 0b000101 10000 100 10000000 2000000000 141929751 3358000
0b007c01 0b000101 10000 100 10000000 2000000000 141930927 3358000
0b006301 0b000101 10000 100 10000000 2000000000 141931263 3358000
0b008c01 0b000101 10000 100 10000000 2000000000 141933195 3358000
0b00a901 0b000101 10000 100 10000000 2000000000 141934119 3358000
0b005901 0b000101 10000 100 10000000 2000000000 141935295 3358000
0b007001 0b000101 10000 100 10000000 2000000000 141936219 3358000
0b004b01 0b000101 10000 100 10000000 2000000000 141937899 3358000
0b006e01 0b000101 10000 100 10000000 2000000000 141941091 3358000
0b007601 0b000101 10000 100 10000000 2000000000 141941175 3358000
0b006801 0b000101 10000 100 10000000 2000000000 141942855 3358000
0b006c01 0b000101 10000 100 10000000 2000000000 141942939 3358000
0b004601 0b000101 10000 100 10000000 2000000000 141943695 3358000
0b006b01 0b000101 10000 100 10000000 2000000000 141944031 3358000
0b008701 0b000101 10000 100 10000000 2000000000 141944619 3358000
0b006f01 0b000101 10000 100 10000000 2000000000 141947643 3358000
0b00af01 0b000101 10000 100 10000000 2000000000 141949071 3358000
0b007201 0b000101 10000 100 10000000 2000000000 141949239 3358000
0b004f01 0b000101 10000 100 10000000 2000000000 141949575 3358000
0b005c01 0b000101 10000 100 10000000 2000000000 141950667 3358000
0b006401 0b000101 10000 100 10000000 2000000000 141953187 3358000
0b009101 0b000101 10000 100 10000000 2000000000 141953355 3358000
0b006201 0b000101 10000 100 10000000 2000000000 141953775 3358000
0b007101 0b000101 10000 100 10000000 2000000000 141954783 3358000
0b009201 0b000101 10000 100 10000000 2000000000 141958311 3358000
0b005a01 0b000101 10000 100 10000000 2000000000 141960999 3358000
0b008e01 0b000101 10000 100 10000000 2000000000 141961251 3358000
0b006a01 0b000101 10000 100 10000000 2000000000 141961587 3358000
0b00b201 0b000101 10000 100 10000000 2000000000 141962595 3358000
0b005701 0b000101 10000 100 10000000 2000000000 141965787 3358000
0b007301 0b000101 10000 100 10000000 2000000000 141967887 3358000
0b007d01 0b000101 10000 100 10000000 2000000000 141976455 3358000
0b009301 0b000101 10000 100 10000000 2000000000 141978051 3358000
0b007901 0b000101 10000 100 10000000 2000000000 141979227 3358000
0b006601 0b000101 10000 100 10000000 2000000000 141980571 3358000
0b005e01 0b000101 10000 100 10000000 2000000000 141980739 3358000
0b007701 0b000101 10000 100 10000000 2000000000 141982503 3358000
0b00ba01 0b000101 10000 100 10000000 2000000000 141984015 3358000
0b007b01 0b000101 10000 100 10000000 2000000000 141984939 3358000
0b008d01 0b000101 10000 100 10000000 2000000000 141985527 3358000
0b00b301 0b000101 10000 100 10000000 2000000000 141986031 3358000
0b007801 0b000101 10000 100 10000000 2000000000 141987627 3358000
0b005b01 0b000101 10000 100 10000000 2000000000 141988047 3358000
0b005801 0b000101 10000 100 10000000 2000000000 141988971 3358000
0b00b901 0b000101 10000 100 10000000 2000000000 141989979 3358000
0b008801 0b000101 10000 100 10000000 2000000000 141990651 3358000
0b00bf01 0b000101 10000 100 10000000 2000000000 141995691 3358000
0b00b701 0b000101 10000 100 10000000 2000000000 141996363 3358000
0b006001 0b000101 10000 100 10000000 2000000000 141997035 3358000
0b009701 0b000101 10000 100 10000000 2000000000 141998547 3358000
0b00c401 0b000101 10000 100 10000000 2000000000 141998631 3358000
0b009001 0b000101 10000 100 10000000 2000000000 142000731 3358000
0b009a01 0b000101 10000 100 10000000 2000000000 142000815 3358000
0b00c601 0b000101 10000 100 10000000 2000000000 142004763 3358000
0b009b01 0b000101 10000 100 10000000 2000000000 142004931 3358000
0b00bc01 0b000101 10000 100 10000000 2000000000 142005519 3358000
0b007401 0b000101 10000 100 10000000 2000000000 142006527 3358000
0b00be01 0b000101 10000 100 10000000 2000000000 142007787 3358000
0b00c201 0b000101 10000 100 10000000 2000000000 142008291 3358000
0b00c501 0b000101 10000 100 10000000 2000000000 142008459 3358000
0b00c101 0b000101 10000 100 10000000 2000000000 142008879 3358000
0b009c01 0b000101 10000 100 10000000 2000000000 142009299 3358000
0b00bd01 0b000101 10000 100 10000000 2000000000 142009635 3358000
0b00b801 0b000101 10000 100 10000000 2000000000 142009803 3358000
0b00c301 0b000101 10000 100 10000000 2000000000 142011147 3358000
0b00c801 0b000101 10000 100 10000000 2000000000 142012575 3358000
0b00bb01 0b000101 10000 100 10000000 2000000000 142013163 3358000
0b00c001 0b000101 10000 100 10000000 2000000000 142014759 3358000
0b009601 0b000101 10000 100 10000000 2000000000 142015347 3358000
0b000401 0b000101 10000 100 150000000 2000000000 181767267 12580160
0b000301 0b000101 10000 100 200000000 2000000000 190787838 16772160
0b000201 0b000101 10000 100 200000000 2000000000 191449506 16772160
