0b004401 0b000101 10000 100 10000000 2000000000 129515563 3358000
0b004c01 0b000101 10000 100 10000000 2000000000 129515646 3358000
0b004e01 0b000101 10000 100 10000000 2000000000 129515729 3358000
0b005501 0b000101 10000 100 10000000 2000000000 129515812 3358000
0b005601 0b000101 10000 100 10000000 2000000000 129515895 3358000
0b005901 0b000101 10000 100 10000000 2000000000 129515978 3358000
0b005b01 0b000101 10000 100 10000000 2000000000 129516061 3358000
0b005101 0b000101 10000 100 10000000 2000000000 129516144 3358000
0b005c01 0b000101 10000 100 10000000 2000000000 129516227 3358000
0b005d01 0b000101 10000 100 10000000 2000000000 129516310 3358000
0b005e01 0b000101 10000 100 10000000 2000000000 129516476 3358000
0b005201 0b000101 10000 100 10000000 2000000000 129516559 3358000
0b005f01 0b000101 10000 100 10000000 2000000000 129516642 3358000
0b005401 0b000101 10000 100 10000000 2000000000 129516808 3358000
0b006001 0b000101 10000 100 10000000 2000000000 129516891 3358000
0b005701 0b000101 10000 100 10000000 2000000000 129516974 3358000
0b006101 0b000101 10000 100 10000000 2000000000 129517140 3358000
0b005801 0b000101 10000 100 10000000 2000000000 129517223 3358000
0b006201 0b000101 10000 100 10000000 2000000000 129517306 3358000
0b006301 0b000101 10000 100 10000000 2000000000 129517472 3358000
0b006401 0b000101 10000 100 10000000 2000000000 129517555 3358000
0b006601 0b000101 10000 100 10000000 2000000000 129517638 3358000
0b006701 0b000101 10000 100 10000000 2000000000 129517721 3358000
0b006901 0b000101 10000 100 10000000 2000000000 129517887 3358000
0b005a01 0b000101 10000 100 10000000 2000000000 129517970 3358000
0b006a01 0b000101 10000 100 10000000 2000000000 129518053 3358000
0b006b01 0b000101 10000 100 10000000 2000000000 129518136 3358000
0b006c01 0b000101 10000 100 10000000 2000000000 129518302 3358000
0b006d01 0b000101 10000 100 10000000 2000000000 129518385 3358000
0b006e01 0b000101 10000 100 10000000 2000000000 129518468 3358000
0b006f01 0b000101 10000 100 10000000 2000000000 129518634 3358000
0b007001 0b000101 10000 100 10000000 2000000000 129518800 3358000
0b007101 0b000101 10000 100 10000000 2000000000 129518883 3358000
0b006501 0b000101 10000 100 10000000 2000000000 129518966 3358000
0b007201 0b000101 10000 100 10000000 2000000000 129519049 3358000
0b007301 0b000101 10000 100 10000000 2000000000 129519132 3358000
0b007401 0b000101 10000 100 10000000 2000000000 129519298 3358000
0b007501 0b000101 10000 100 10000000 2000000000 129519381 3358000
0b007601 0b000101 10000 100 10000000 2000000000 129519547 3358000
0b007701 0b000101 10000 100 10000000 2000000000 129519630 3358000
0b006801 0b000101 10000 100 10000000 2000000000 129519713 3358000
0b007801 0b000101 10000 100 10000000 2000000000 129519879 3358000
0b007901 0b000101 10000 100 10000000 2000000000 129519962 3358000
0b007a01 0b000101 10000 100 10000000 2000000000 129520045 3358000
0b007b01 0b000101 10000 100 10000000 2000000000 129520211 3358000
0b007c01 0b000101 10000 100 10000000 2000000000 129520294 3358000
0b007d01 0b000101 10000 100 10000000 2000000000 129520377 3358000
0b007e01 0b000101 10000 100 10000000 2000000000 129520460 3358000
0b007f01 0b000101 10000 100 10000000 2000000000 129520626 3358000
0b008001 0b000101 10000 100 10000000 2000000000 129520792 3358000
0b008101 0b000101 10000 100 10000000 2000000000 129520875 3358000
0b008201 0b000101 10000 100 10000000 2000000000 129521041 3358000
0b008301 0b000101 10000 100 10000000 2000000000 129521124 3358000
0b008401 0b000101 10000 100 10000000 2000000000 129521290 3358000
0b008501 0b000101 10000 100 10000000 2000000000 129521539 3358000
0b008601 0b000101 10000 100 10000000 2000000000 129521622 3358000
0b008701 0b000101 10000 100 10000000 2000000000 129521788 3358000
0b008801 0b000101 10000 100 10000000 2000000000 129521954 3358000
0b008901 0b000101 10000 100 10000000 2000000000 129522120 3358000
0b008a01 0b000101 10000 100 10000000 2000000000 129522286 3358000
0b008b01 0b000101 10000 100 10000000 2000000000 129522369 3358000
0b008c01 0b000101 10000 100 10000000 2000000000 129522535 3358000
0b008d01 0b000101 10000 100 10000000 2000000000 129522701 3358000
0b00bc01 0b000101 10000 100 10000000 2000000000 129522784 3358000
0b008e01 0b000101 10000 100 10000000 2000000000 129522950 3358000
0b008f01 0b000101 10000 100 10000000 2000000000 129523116 3358000
0b009001 0b000101 10000 100 10000000 2000000000 129523282 3358000
0b009101 0b000101 10000 100 10000000 2000000000 129523448 3358000
0b009201 0b000101 10000 100 10000000 2000000000 129523614 3358000
0b009301 0b000101 10000 100 10000000 2000000000 129523780 3358000
0b00c501 0b000101 10000 100 10000000 2000000000 129523863 3358000
0b009401 0b000101 10000 100 10000000 2000000000 129523946 3358000
0b009501 0b000101 10000 100 10000000 2000000000 129524112 3358000
0b009601 0b000101 10000 100 10000000 2000000000 129524195 3358000
0b009701 0b000101 10000 100 10000000 2000000000 129524361 3358000
0b009901 0b000101 10000 100 10000000 2000000000 129524527 3358000
0b009801 0b000101 10000 100 10000000 2000000000 129524610 3358000
0b009a01 0b000101 10000 100 10000000 2000000000 129524693 3358000
0b009b01 0b000101 10000 100 10000000 2000000000 129524776 3358000
0b009c01 0b000101 10000 100 10000000 2000000000 129524859 3358000
0b009d01 0b000101 10000 100 10000000 2000000000 129524942 3358000
0b009e01 0b000101 10000 100 10000000 2000000000 129525025 3358000
0b009f01 0b000101 10000 100 10000000 2000000000 129525108 3358000
0b00a001 0b000101 10000 100 10000000 2000000000 129525191 3358000
0b00a101 0b000101 10000 100 10000000 2000000000 129525274 3358000
0b00a201 0b000101 10000 100 10000000 2000000000 129525357 3358000
0b00a301 0b000101 10000 100 10000000 2000000000 129525440 3358000
0b00a401 0b000101 10000 100 10000000 2000000000 129525523 3358000
0b00a501 0b000101 10000 100 10000000 2000000000 129525606 3358000
0b00a601 0b000101 10000 100 10000000 2000000000 129525689 3358000
0b00a701 0b000101 10000 100 10000000 2000000000 129525772 3358000
0b00a801 0b000101 10000 100 10000000 2000000000 129525855 3358000
0b00a901 0b000101 10000 100 10000000 2000000000 129525938 3358000
0b004301 0b000101 10000 100 10000000 2000000000 129526021 3358000
0b004501 0b000101 10000 100 10000000 2000000000 129526104 3358000
0b00aa01 0b000101 10000 100 10000000 2000000000 129526187 3358000
0b004601 0b000101 10000 100 10000000 2000000000 129526270 3358000
0b004701 0b000101 10000 100 10000000 2000000000 129526353 3358000
0b004801 0b000101 10000 100 10000000 2000000000 129526436 3358000
0b004901 0b000101 10000 100 10000000 2000000000 129526519 3358000
0b00ab01 0b000101 10000 100 10000000 2000000000 129526602 3358000
0b004a01 0b000101 10000 100 10000000 2000000000 129526768 3358000
0b004b01 0b000101 10000 100 10000000 2000000000 129526851 3358000
0b004d01 0b000101 10000 100 10000000 2000000000 129526934 3358000
0b00ac01 0b000101 10000 100 10000000 2000000000 129527100 3358000
0b00ad01 0b000101 10000 100 10000000 2000000000 129527183 3358000
0b004f01 0b000101 10000 100 10000000 2000000000 129527349 3358000
0b005001 0b000101 10000 100 10000000 2000000000 129527432 3358000
0b005301 0b000101 10000 100 10000000 2000000000 129527515 3358000
0b00ae01 0b000101 10000 100 10000000 2000000000 129527681 3358000
0b00af01 0b000101 10000 100 10000000 2000000000 129527847 3358000
0b00b001 0b000101 10000 100 10000000 2000000000 129528096 3358000
0b00b101 0b000101 10000 100 10000000 2000000000 129528262 3358000
0b00b201 0b000101 10000 100 10000000 2000000000 129528511 3358000
0b00b301 0b000101 10000 100 10000000 2000000000 129528594 3358000
0b00b401 0b000101 10000 100 10000000 2000000000 129528760 3358000
0b00b501 0b000101 10000 100 10000000 2000000000 129528926 3358000
0b00b601 0b000101 10000 100 10000000 2000000000 129529092 3358000
0b00b701 0b000101 10000 100 10000000 2000000000 129529175 3358000
0b00b801 0b000101 10000 100 10000000 2000000000 129529341 3358000
0b00b901 0b000101 10000 100 10000000 2000000000 129529507 3358000
0b00ba01 0b000101 10000 100 10000000 2000000000 129529673 3358000
0b00bb01 0b000101 10000 100 10000000 2000000000 129529756 3358000
0b00bd01 0b000101 10000 100 10000000 2000000000 129529922 3358000
0b00be01 0b000101 10000 100 10000000 2000000000 129530088 3358000
0b00bf01 0b000101 10000 100 10000000 2000000000 129530254 3358000
0b00c001 0b000101 10000 100 10000000 2000000000 129530420 3358000
0b00c101 0b000101 10000 100 10000000 2000000000 129530503 3358000
0b00c201 0b000101 10000 100 10000000 2000000000 129530669 3358000
0b00c301 0b000101 10000 100 10000000 2000000000 129530835 3358000
0b00c401 0b000101 10000 100 10000000 2000000000 129530918 3358000
0b00c601 0b000101 10000 100 10000000 2000000000 129531167 3358000
0b00c701 0b000101 10000 100 10000000 2000000000 129531333 3358000
0b00c801 0b000101 10000 100 10000000 2000000000 129531416 3358000
0b002601 0b000101 10000 100 5000000 2000000000 138281282 423360
0b000d01 0b000101 10000 100 5000000 2000000000 138357741 423360
0b002d01 0b000101 10000 100 5000000 2000000000 138395396 423360
0b003101 0b000101 10000 100 5000000 2000000000 138455622 423360
0b002401 0b000101 10000 100 5000000 2000000000 138495377 423360
0b003301 0b000101 10000 100 5000000 2000000000 138546104 423360
0b003a01 0b000101 10000 100 5000000 2000000000 138552484 423360
0b000701 0b000101 10000 100 5000000 2000000000 138567300 423360
0b001601 0b000101 10000 100 5000000 2000000000 138581221 423360
0b003401 0b000101 10000 100 5000000 2000000000 138587904 423360
0b002501 0b000101 10000 100 5000000 2000000000 138606598 423360
0b003501 0b000101 10000 100 5000000 2000000000 138613781 423360
0b003901 0b000101 10000 100 5000000 2000000000 138626125 423360
0b003c01 0b000101 10000 100 5000000 2000000000 138633434 423360
0b001801 0b000101 10000 100 5000000 2000000000 138633517 423360
0b001b01 0b000101 10000 100 5000000 2000000000 138635802 423360
0b001101 0b000101 10000 100 5000000 2000000000 138637194 423360
0b000501 0b000101 10000 100 5000000 2000000000 138639559 423360
0b001401 0b000101 10000 100 5000000 2000000000 138656337 423360
0b001001 0b000101 10000 100 5000000 2000000000 138656420 423360
0b001501 0b000101 10000 100 5000000 2000000000 138676013 423360
0b000601 0b000101 10000 100 5000000 2000000000 138677769 423360
0b003001 0b000101 10000 100 5000000 2000000000 138682524 423360
0b003f01 0b000101 10000 100 5000000 2000000000 138694602 423360
0b002c01 0b000101 10000 100 5000000 2000000000 138694685 423360
0b001901 0b000101 10000 100 5000000 2000000000 138714274 423360
0b001d01 0b000101 10000 100 5000000 2000000000 138716025 423360
0b002801 0b000101 10000 100 5000000 2000000000 138716372 423360
0b002b01 0b000101 10000 100 5000000 2000000000 138721283 423360
0b000901 0b000101 10000 100 5000000 2000000000 138722196 423360
0b000a01 0b000101 10000 100 5000000 2000000000 138723229 423360
0b002101 0b000101 10000 100 5000000 2000000000 138726874 423360
0b000c01 0b000101 10000 100 5000000 2000000000 138731632 423360
0b003d01 0b000101 10000 100 5000000 2000000000 138731843 423360
0b002f01 0b000101 10000 100 5000000 2000000000 138736075 423360
0b002301 0b000101 10000 100 5000000 2000000000 138738857 423360
0b001701 0b000101 10000 100 5000000 2000000000 138743569 423360
0b001a01 0b000101 10000 100 5000000 2000000000 138746636 423360
0b000e01 0b000101 10000 100 5000000 2000000000 138748552 423360
0b003701 0b000101 10000 100 5000000 2000000000 138749382 423360
0b001301 0b000101 10000 100 5000000 2000000000 138749920 423360
0b002e01 0b000101 10000 100 5000000 2000000000 138751588 423360
0b000801 0b000101 10000 100 5000000 2000000000 138752596 423360
0b003201 0b000101 10000 100 5000000 2000000000 138753589 423360
0b001201 0b000101 10000 100 5000000 2000000000 138758719 423360
0b004001 0b000101 10000 100 5000000 2000000000 138766295 423360
0b002901 0b000101 10000 100 5000000 2000000000 138766710 423360
0b003601 0b000101 10000 100 5000000 2000000000 138767955 423360
0b000b01 0b000101 10000 100 5000000 2000000000 138768619 423360
0b000f01 0b000101 10000 100 5000000 2000000000 138769283 423360
0b003b01 0b000101 10000 100 5000000 2000000000 138769717 423360
0b002001 0b000101 10000 100 5000000 2000000000 138778830 423360
0b001e01 0b000101 10000 100 5000000 2000000000 138788430 423360
0b002201 0b000101 10000 100 5000000 2000000000 138792050 423360
0b003e01 0b000101 10000 100 5000000 2000000000 138794513 423360
0b003801 0b000101 10000 100 5000000 2000000000 138799220 423360
0b002a01 0b000101 10000 100 5000000 2000000000 138802456 423360
0b001f01 0b000101 10000 100 5000000 2000000000 138802835 423360
0b002701 0b000101 10000 100 5000000 2000000000 138807042 423360
0b001c01 0b000101 10000 100 5000000 2000000000 138815029 423360
0b004101 0b000101 10000 100 10000000 2000000000 140593647 842560
0b004201 0b000101 10000 100 10000000 2000000000 140887247 842560
0b000401 0b000101 10000 100 150000000 2000000000 178366188 12580160
0b000301 0b000101 10000 100 200000000 2000000000 185647441 16772160
0b000201 0b000101 10000 100 200000000 2000000000 186939688 16772160
