0b000e01 0b008001 10000 100 1000 4999 1452 1433
0b007001 0b008001 10000 100 4000 4999 2320 2062
0b000001 0b008001 10000 100 5000 5999 2405 2272
0b003e01 0b008001 10000 100 2000 7999 2103 1643
0b002001 0b008001 10000 100 7000 7999 3839 2691
0b007001 0b008001 10002 100 3000 8999 3490 1852
0b007001 0b008001 10003 100 3000 9999 3575 1852
0b000e01 0b008001 10001 100 6000 12999 4414 2481
0b002e01 0b008001 10000 100 2000 13999 3631 1643
0b004001 0b008001 10000 100 2000 13999 4065 1643
0b007001 0b008001 10004 100 4000 12999 5560 2062
0b004001 0b008001 10001 100 2000 13999 4716 1643
0b007001 0b008001 10001 100 12000 8999 10584 3739
0b003e01 0b008001 10001 100 2000 16999 5188 1643
0b002001 0b008001 10002 100 3000 16999 5405 1852
0b002001 0b008001 10003 100 1000 17999 4622 1433
0b008001 0b001e01 10000 100 1000 17999 4730 1433
0b002001 0b008001 10004 100 1000 17999 4839 1433
0b001001 0b008001 10000 100 2000 18999 4724 1643
0b002001 0b008001 10006 100 2000 18999 6243 1643
0b003001 0b008001 10000 100 1000 20999 4894 1433
0b003e01 0b008001 10002 100 7000 18999 7979 2691
0b002001 0b008001 10005 100 5000 18999 8943 2272
0b007001 0b008001 10006 100 2000 22999 5764 1643
0b002e01 0b008001 10001 100 1000 26999 2800 1433
0b003001 0b008001 10001 100 2000 26999 3234 1643
0b004001 0b008001 10002 100 1000 29000 2611 1433
0b000e01 0b008001 10002 100 10000 24999 7306 3320
0b002001 0b008001 10001 100 12000 14999 19045 3739
0b001001 0b008001 10001 100 14000 29000 7733 4158
0b001001 0b008001 10003 100 3000 36999 3308 1852
0b007001 0b008001 10005 100 11000 13999 26844 3529
0b008001 0b003e01 10000 100 32000 26999 17544 7931
0b002001 0b008001 10007 100 1000 40999 4972 1433
0b007001 0b008001 10007 100 3000 34999 11305 1852
0b003e01 0b008001 10003 100 9000 40999 8295 3110
0b002001 0b008001 10008 100 6000 47999 4588 2481
0b004001 0b008001 10003 100 1000 52999 3264 1433
0b001001 0b008001 10004 100 11000 44999 13570 3529
0b001001 0b008001 10002 100 19000 36999 22472 5206
0b001e01 0b008001 10000 100 3000 58000 3577 1852
0b007001 0b008001 10008 100 2000 59999 3050 1643
0b008001 0b003e01 10001 100 1000 61999 2360 1433
0b001001 0b008001 10005 100 11000 50999 14641 3529
0b001001 0b008001 10006 100 12000 51999 16181 3739
0b008001 0b000e01 10000 100 1000 65999 2997 1433
0b001e01 0b008001 10001 100 12000 62999 6802 3739
0b008001 0b003e01 10002 100 1000 68999 1681 1433
0b008001 0b000e01 10001 100 1000 67999 2934 1433
0b001001 0b008001 10007 100 8000 63999 9644 2900
0b008001 0b002e01 10000 100 55000 32999 41376 12752
0b008001 0b003001 10001 100 5000 64999 10295 2272
0b002001 0b008001 10009 100 6000 70999 4499 2481
0b008001 0b003001 10000 100 8000 61999 13580 2900
0b000e01 0b008001 10003 100 8000 69999 6035 2900
0b008001 0b000001 10000 100 23000 50999 26663 6044
0b001e01 0b008001 10002 100 3000 76000 2421 1852
0b003e01 0b008001 10004 100 2000 83999 2493 1643
0b002e01 0b008001 10003 100 43000 42999 43629 10236
0b004001 0b008001 10005 100 1000 88999 2373 1433
0b003e01 0b008001 10005 100 2000 90999 2428 1643
0b008001 0b004001 10000 100 2000 88999 4520 1643
0b008001 0b007001 10001 100 2000 88999 4971 1643
0b003e01 0b008001 10006 100 4000 92999 2687 2062
0b002e01 0b008001 10002 100 31000 38999 57155 7721
0b008001 0b003e01 10003 100 3000 89999 6364 1852
0b008001 0b003e01 10004 100 1000 93999 2900 1433
0b008001 0b003e01 10006 100 1000 96999 2519 1433
0b008001 0b001e01 10002 100 1000 96999 2753 1433
0b004001 0b008001 10004 100 40000 85000 16817 9608
0b002001 0b008001 10010 100 6000 100999 3860 2481
0b008001 0b003001 10002 100 31000 69999 35517 7721
0b008001 0b003e01 10005 100 6000 96000 11337 2481
0b007001 0b008001 10010 100 4000 102999 7025 2062
0b008001 0b003001 10003 100 1000 103999 6278 1433
0b007001 0b008001 10011 100 3000 103999 7025 1852
0b004001 0b008001 10006 100 4000 105999 5897 2062
0b004001 0b008001 10007 100 2000 106999 5833 1643
0b008001 0b003001 10004 100 3000 105000 7919 1852
0b003e01 0b008001 10008 100 2000 109999 4220 1643
0b001001 0b008001 10008 100 2000 110999 3922 1643
0b008001 0b001e01 10003 100 3000 107999 7145 1852
0b003e01 0b008001 10009 100 1000 114000 2525 1433
0b008001 0b000e01 10002 100 18000 88999 29672 4996
0b007001 0b008001 10012 100 4000 110999 8836 2062
0b007001 0b008001 10009 100 14000 100999 19304 4158
0b002001 0b008001 10011 100 14000 103999 17240 4158
0b002001 0b008001 10012 100 2000 117999 5661 1643
0b004001 0b008001 10008 100 13000 114000 10949 3948
0b008001 0b003001 10005 100 11000 107999 17692 3529
0b002001 0b008001 10013 100 1000 123000 2885 1433
0b003001 0b008001 10002 100 11000 116999 9486 3529
0b008001 0b003e01 10008 100 10000 117999 13943 3320
0b008001 0b002001 10000 100 68000 51999 80411 15476
0b000e01 0b008001 10004 100 14000 125000 7420 4158
0b001001 0b008001 10009 100 16000 121999 10455 4577
0b001001 0b008001 10010 100 1000 130999 1689 1433
0b003001 0b008001 10003 100 3000 132000 2241 1852
0b008001 0b007001 10000 100 44000 83999 54440 10446
0b008001 0b003e01 10007 100 35000 100999 38976 8560
0b007001 0b008001 10013 100 3000 135999 4770 1852
0b008001 0b001e01 10001 100 95000 45999 95095 21136
0b001001 0b008001 10011 100 6000 145000 3548 2481
0b008001 0b003001 10006 100 1000 154000 1614 1433
0b001001 0b008001 10012 100 2000 154999 2294 1643
0b002001 0b008001 10014 100 10000 152000 7433 3320
0b007001 0b008001 10015 100 1000 163999 1948 1433
0b008001 0b003001 10008 100 6000 159999 9295 2481
0b008001 0b004001 10001 100 4000 163999 8303 2062
0b008001 0b001e01 10004 100 2000 166999 6188 1643
0b007001 0b008001 10017 100 1000 168999 4287 1433
0b007001 0b008001 10018 100 1000 170000 3964 1433
0b008001 0b007001 10002 100 32000 149999 24809 7931
0b008001 0b003001 10007 100 19000 154999 20596 5206
0b003e01 0b008001 10010 100 7000 163999 12539 2691
0b002001 0b008001 10016 100 3000 172999 5696 1852
0b008001 0b003001 10009 100 20000 164999 17581 5416
0b008001 0b000001 10001 100 33000 154999 28249 8140
0b000e01 0b008001 10005 100 6000 178999 4358 2481
0b000e01 0b008001 10006 100 1000 181000 3242 1433
0b007001 0b008001 10016 100 14000 166999 18111 4158
0b001001 0b008001 10013 100 1000 183999 2196 1433
0b007001 0b008001 10019 100 11000 174000 12412 3529
0b008001 0b000e01 10003 100 1000 190000 1906 1433
0b003e01 0b008001 10013 100 1000 190999 2246 1433
0b003e01 0b008001 10011 100 4000 186999 7637 2062
0b007001 0b008001 10020 100 6000 185999 9322 2481
0b008001 0b000001 10002 100 10000 192000 6586 3320
0b003e01 0b008001 10014 100 9000 194999 14780 3110
0b001001 0b008001 10014 100 14000 203999 8220 4158
0b007001 0b008001 10021 100 14000 188999 25090 4158
0b000e01 0b008001 10007 100 20000 196999 20292 5416
0b001001 0b008001 10015 100 1000 233999 1821 1433
0b000e01 0b008001 10008 100 3000 237999 3778 1852
0b000e01 0b008001 10009 100 1000 239999 2948 1433
0b007001 0b008001 10022 100 12000 224999 18046 3739
0b008001 0b004001 10002 100 1000 241999 2091 1433
0b000e01 0b008001 10010 100 4000 248000 5609 2062
0b002001 0b008001 10017 100 3000 244999 9312 1852
0b008001 0b003e01 10009 100 5000 246000 11879 2272
0b002001 0b008001 10018 100 6000 250000 11080 2481
0b004001 0b008001 10010 100 1000 257000 5016 1433
0b000e01 0b008001 10012 100 3000 257999 6923 1852
0b008001 0b007001 10004 100 10000 241000 24767 3320
0b008001 0b002001 10001 100 1000 262999 3772 1433
0b007001 0b008001 10023 100 7000 246999 19897 2691
0b000e01 0b008001 10013 100 1000 262999 4063 1433
0b007001 0b008001 10024 100 1000 264999 2867 1433
0b002001 0b008001 10020 100 2000 261000 7100 1643
0b003e01 0b008001 10016 100 6000 255000 15674 2481
0b008001 0b001e01 10005 100 13000 241000 32825 3948
0b002001 0b008001 10021 100 8000 262000 13771 2900
0b002001 0b008001 10024 100 1000 275999 2261 1433
0b007001 0b008001 10025 100 6000 266000 14383 2481
0b002001 0b008001 10025 100 1000 279000 2353 1433
0b003e01 0b008001 10015 100 21000 237999 43588 5625
0b000e01 0b008001 10011 100 17000 255000 29395 4787
0b002001 0b008001 10022 100 13000 270000 16701 3948
0b003e01 0b008001 10019 100 1000 288000 5436 1433
0b007001 0b008001 10028 100 1000 288999 6475 1433
0b003e01 0b008001 10017 100 4000 277999 17777 2062
0b007001 0b008001 10029 100 1000 293999 6776 1433
0b001e01 0b008001 10004 100 3000 295000 7745 1852
0b003e01 0b008001 10022 100 1000 297000 7149 1433
0b007001 0b008001 10027 100 2000 288999 16256 1643
0b001e01 0b008001 10006 100 1000 299999 8064 1433
0b001e01 0b008001 10005 100 1000 299999 8498 1433
0b002001 0b008001 10027 100 4000 284999 26638 2062
0b001001 0b008001 10019 100 1000 302999 9059 1433
0b008001 0b000e01 10004 100 1000 302999 9688 1433
0b003e01 0b008001 10020 100 2000 293999 19212 1643
0b004001 0b008001 10009 100 37000 226999 87680 8979
0b008001 0b004001 10003 100 17000 253999 61662 4787
0b007001 0b008001 10030 100 2000 295999 20101 1643
0b003001 0b008001 10005 100 3000 306999 12679 1852
0b003001 0b008001 10006 100 2000 308000 11980 1643
0b002e01 0b008001 10004 100 1000 308999 11717 1433
0b004001 0b008001 10013 100 4000 288999 32853 2062
0b004001 0b008001 10015 100 2000 299999 22087 1643
0b008001 0b000001 10007 100 19000 255000 69634 5206
0b008001 0b000001 10008 100 1000 311000 14136 1433
0b001e01 0b008001 10008 100 3000 304999 20831 1852
0b002001 0b008001 10028 100 5000 286999 39801 2272
0b003e01 0b008001 10021 100 3000 295999 30865 1852
0b001e01 0b008001 10007 100 4000 299999 29090 2062
0b003e01 0b008001 10023 100 3000 300999 30128 1852
0b002e01 0b008001 10005 100 6000 322000 11033 2481
0b004001 0b008001 10011 100 12000 277000 57220 3739
0b008001 0b000e01 10005 100 3000 317000 17632 1852
0b008001 0b007001 10008 100 2000 320999 14352 1643
0b002e01 0b008001 10006 100 2000 329999 9152 1643
0b007001 0b008001 10032 100 2000 320999 18420 1643
0b004001 0b008001 10014 100 6000 291000 49555 2481
0b007001 0b008001 10031 100 4000 300999 40607 2062
0b007001 0b008001 10034 100 1000 331999 9943 1433
0b007001 0b008001 10035 100 1000 331999 10211 1433
0b001e01 0b008001 10010 100 2000 324000 19946 1643
0b002e01 0b008001 10008 100 3000 333000 11350 1852
0b001001 0b008001 10017 100 5000 297999 47721 2272
0b007001 0b008001 10026 100 11000 279000 67286 3529
0b004001 0b008001 10012 100 7000 288999 59563 2691
0b001001 0b008001 10020 100 4000 308999 40031 2062
0b001001 0b008001 10023 100 1000 339000 11098 1433
0b008001 0b004001 10004 100 11000 302999 47226 3529
0b008001 0b000001 10003 100 34000 241000 110195 8350
0b003e01 0b008001 10024 100 4000 311000 41055 2062
0b003e01 0b008001 10029 100 1000 342999 9290 1433
0b003e01 0b008001 10025 100 4000 311999 40524 2062
0b008001 0b001e01 10007 100 30000 250000 104122 7512
0b003001 0b008001 10008 100 1000 346000 8629 1433
0b003e01 0b008001 10032 100 1000 346999 8766 1433
0b008001 0b000001 10005 100 36000 241000 115913 8769
0b001001 0b008001 10024 100 2000 340000 19041 1643
0b003e01 0b008001 10027 100 4000 320999 38310 2062
0b003e01 0b008001 10031 100 2000 344000 17330 1643
0b001e01 0b008001 10003 100 15000 291000 70479 4368
0b000e01 0b008001 10014 100 7000 295999 66050 2691
0b002001 0b008001 10029 100 8000 293999 68416 2900
0b002001 0b008001 10023 100 19000 273999 90190 5206
0b002e01 0b008001 10009 100 2000 348000 16423 1643
0b003001 0b008001 10004 100 12000 306999 57458 3739
0b003e01 0b008001 10007 100 131000 101999 262756 28681
0b003e01 0b008001 10030 100 3000 344000 24265 1852
0b008001 0b007001 10003 100 41000 241000 127800 9817
0b008001 0b002001 10002 100 17000 308999 59920 4787
0b003001 0b008001 10007 100 5000 328999 42461 2272
0b001001 0b008001 10021 100 5000 326000 46864 2272
0b002001 0b008001 10030 100 8000 299999 74971 2900
0b008001 0b001e01 10008 100 38000 253000 122471 9188
0b003e01 0b008001 10034 100 3000 355000 20638 1852
0b003e01 0b008001 10035 100 3000 357999 18375 1852
0b001e01 0b008001 10011 100 6000 335999 41311 2481
0b001e01 0b008001 10009 100 8000 309999 71804 2900
0b001001 0b008001 10026 100 4000 366000 17126 2062
0b003001 0b008001 10011 100 1000 382999 3518 1433
0b001e01 0b008001 10012 100 1000 384999 3309 1433
0b002e01 0b008001 10010 100 1000 384999 3743 1433
0b001e01 0b008001 10013 100 1000 386999 5351 1433
0b002e01 0b008001 10012 100 1000 389999 4125 1433
0b003001 0b008001 10010 100 4000 382000 13328 2062
0b001e01 0b008001 10014 100 4000 389999 5695 2062
0b001e01 0b008001 10015 100 2000 391000 5562 1643
0b003e01 0b008001 10037 100 3000 380999 16967 1852
0b002001 0b008001 10026 100 17000 284000 114668 4787
0b003e01 0b008001 10033 100 7000 355000 43736 2691
0b001001 0b008001 10025 100 7000 349999 49707 2691
0b002e01 0b008001 10011 100 2000 386999 13911 1643
0b007001 0b008001 10039 100 3000 382000 19144 1852
0b007001 0b008001 10040 100 4000 382000 20178 2062
0b008001 0b007001 10009 100 1000 397000 5981 1433
0b001001 0b008001 10018 100 11000 300999 103587 3529
0b003001 0b008001 10012 100 1000 400000 5590 1433
0b003e01 0b008001 10039 100 2000 395999 14071 1643
0b007001 0b008001 10038 100 8000 375000 35836 2900
0b002e01 0b008001 10013 100 2000 398999 12909 1643
0b008001 0b000001 10006 100 54000 253999 158763 12542
0b003e01 0b008001 10041 100 2000 404999 13091 1643
0b001e01 0b008001 10017 100 2000 413999 7601 1643
0b002e01 0b008001 10015 100 2000 409999 11954 1643
0b002e01 0b008001 10014 100 6000 400000 22706 2481
0b003e01 0b008001 10040 100 6000 402000 25986 2481
0b002e01 0b008001 10017 100 2000 418999 12565 1643
0b003001 0b008001 10013 100 7000 406000 26066 2691
0b002e01 0b008001 10016 100 4000 418000 17542 2062
0b003e01 0b008001 10043 100 1000 433999 4432 1433
0b003e01 0b008001 10042 100 7000 411999 28555 2691
0b008001 0b007001 10005 100 67000 250999 190728 15267
0b003e01 0b008001 10028 100 12000 340999 103533 3739
0b008001 0b007001 10007 100 48000 315000 129952 11284
0b001001 0b008001 10028 100 3000 429000 17540 1852
0b007001 0b008001 10043 100 6000 420999 26043 2481
0b001e01 0b008001 10016 100 15000 395999 52681 4368
0b002e01 0b008001 10020 100 1000 444999 5017 1433
0b001001 0b008001 10029 100 4000 433000 18956 2062
0b008001 0b004001 10005 100 1000 444999 7173 1433
0b003e01 0b008001 10026 100 15000 319000 133424 4368
0b007001 0b008001 10036 100 14000 339000 113858 4158
0b002e01 0b008001 10021 100 1000 447999 6297 1433
0b007001 0b008001 10044 100 5000 435000 20764 2272
0b008001 0b003e01 10011 100 53000 317999 138219 12332
0b003001 0b008001 10014 100 7000 427000 29602 2691
0b008001 0b003e01 10012 100 53000 320000 136669 12332
0b002e01 0b008001 10019 100 2000 444000 13436 1643
0b007001 0b008001 10041 100 11000 407999 50807 3529
0b008001 0b003e01 10010 100 75000 253999 205261 16944
0b002e01 0b008001 10007 100 21000 331000 129346 5625
0b003001 0b008001 10016 100 4000 438999 22049 2062
0b002001 0b008001 10031 100 1000 458000 3550 1433
0b003001 0b008001 10015 100 5000 436000 26235 2272
0b008001 0b001e01 10006 100 81000 248999 214826 18201
0b003001 0b008001 10018 100 2000 451999 12074 1643
0b008001 0b007001 10006 100 76000 268000 196812 17153
0b008001 0b003e01 10013 100 35000 395000 73824 8560
0b003001 0b008001 10017 100 8000 445999 25579 2900
0b008001 0b000001 10004 100 98000 241000 234644 21764
0b001001 0b008001 10027 100 14000 387999 92237 4158
0b002e01 0b008001 10022 100 1000 476999 3335 1433
0b007001 0b008001 10045 100 5000 473000 14337 2272
0b008001 0b000001 10009 100 1000 485000 3263 1433
0b008001 0b007001 10011 100 31000 456000 32965 7721
0b008001 0b007001 10012 100 10000 480000 11505 3320
0b002e01 0b008001 10023 100 3000 478000 14268 1852
0b001001 0b008001 10032 100 1000 489999 2639 1433
0b003e01 0b008001 10012 100 95000 188999 303873 21136
0b008001 0b002001 10004 100 5000 492000 6976 2272
0b002e01 0b008001 10024 100 8000 478999 22999 2900
0b008001 0b000e01 10007 100 1000 498999 3287 1433
0b008001 0b000e01 10008 100 1000 498999 3738 1433
0b008001 0b002001 10003 100 78000 397000 106941 17572
0b001e01 0b008001 10019 100 4000 491000 14274 2062
0b008001 0b000001 10010 100 1000 501999 3363 1433
0b008001 0b000001 10011 100 1000 503999 3201 1433
0b008001 0b000e01 10006 100 8000 497999 11792 2900
0b008001 0b002001 10005 100 4000 503999 8298 2062
0b008001 0b004001 10007 100 9000 498999 14017 3110
0b001001 0b008001 10033 100 6000 496000 18400 2481
0b001e01 0b008001 10020 100 7000 496000 20852 2691
0b008001 0b004001 10006 100 24000 492000 26364 6254
0b008001 0b000001 10012 100 12000 505000 13381 3739
0b001001 0b008001 10030 100 33000 455000 63422 8140
0b001001 0b008001 10031 100 12000 480999 39312 3739
0b002001 0b008001 10032 100 3000 509000 14485 1852
0b001001 0b008001 10034 100 8000 505000 22076 2900
0b007001 0b008001 10048 100 3000 514000 17382 1852
0b002e01 0b008001 10018 100 16000 426000 106939 4577
0b003e01 0b008001 10044 100 17000 474999 58472 4787
0b008001 0b003e01 10015 100 1000 533000 3557 1433
0b007001 0b008001 10047 100 9000 506999 29914 3110
0b000001 0b008001 10001 100 12000 523000 14351 3739
0b007001 0b008001 10037 100 24000 364999 173020 6254
0b008001 0b003e01 10016 100 1000 534999 3596 1433
0b008001 0b003e01 10014 100 17000 527000 13016 4787
0b003001 0b008001 10021 100 2000 528000 12244 1643
0b007001 0b008001 10050 100 2000 531000 11916 1643
0b008001 0b007001 10013 100 7000 538999 5629 2691
0b007001 0b008001 10049 100 6000 524999 20002 2481
0b003001 0b008001 10009 100 25000 368000 180562 6464
0b001001 0b008001 10037 100 4000 533999 17069 2062
0b002e01 0b008001 10026 100 3000 534999 17405 1852
0b001e01 0b008001 10021 100 6000 531000 21621 2481
0b000001 0b008001 10002 100 6000 546999 7192 2481
0b001e01 0b008001 10025 100 1000 550999 5179 1433
0b007001 0b008001 10052 100 1000 550000 7297 1433
0b000e01 0b008001 10016 100 4000 550000 11305 2062
0b007001 0b008001 10053 100 1000 555000 6756 1433
0b003001 0b008001 10022 100 1000 552999 8974 1433
0b000001 0b008001 10003 100 2000 552999 9408 1643
0b007001 0b008001 10051 100 4000 541999 21778 2062
0b008001 0b000001 10013 100 1000 558000 7706 1433
0b001e01 0b008001 10024 100 4000 545000 24172 2062
0b000001 0b008001 10004 100 3000 563000 7325 1852
0b000e01 0b008001 10015 100 10000 549000 21542 3320
0b003e01 0b008001 10045 100 3000 556999 22176 1852
0b007001 0b008001 10042 100 23000 413999 167482 6044
0b000e01 0b008001 10017 100 8000 569999 13137 2900
0b007001 0b008001 10055 100 2000 568999 15690 1643
0b007001 0b008001 10058 100 1000 582000 6880 1433
0b000001 0b008001 10005 100 5000 585000 7990 2272
0b001e01 0b008001 10026 100 6000 551999 41659 2481
0b001e01 0b008001 10028 100 2000 577999 16310 1643
0b003001 0b008001 10023 100 5000 561999 32744 2272
0b008001 0b003e01 10017 100 46000 545000 50119 10865
0b007001 0b008001 10054 100 5000 567000 32368 2272
0b002e01 0b008001 10028 100 3000 577999 23658 1852
0b007001 0b008001 10056 100 5000 569999 33543 2272
0b000001 0b008001 10006 100 2000 598000 7614 1643
0b003001 0b008001 10025 100 2000 590000 16699 1643
0b007001 0b008001 10061 100 2000 595999 17346 1643
0b001001 0b008001 10022 100 32000 329999 283797 7931
0b001001 0b008001 10039 100 2000 599000 16349 1643
0b003001 0b008001 10019 100 31000 464000 152000 7721
0b003e01 0b008001 10049 100 2000 601999 15103 1643
0b001001 0b008001 10038 100 5000 586999 31656 2272
0b007001 0b008001 10057 100 6000 578999 42226 2481
0b001e01 0b008001 10023 100 12000 538999 82328 3739
0b007001 0b008001 10062 100 2000 612000 12782 1643
0b001001 0b008001 10041 100 2000 612000 13118 1643
0b001e01 0b008001 10029 100 7000 582000 46909 2691
0b001e01 0b008001 10022 100 14000 536000 93862 4158
0b007001 0b008001 10059 100 7000 582000 49096 2691
0b000e01 0b008001 10018 100 7000 626999 5518 2691
0b003001 0b008001 10020 100 24000 489999 143420 6254
0b007001 0b008001 10060 100 7000 586000 48921 2691
0b002e01 0b008001 10025 100 17000 528000 107023 4787
0b003e01 0b008001 10048 100 10000 567000 71614 3320
0b000001 0b008001 10007 100 9000 632999 6585 3110
0b003001 0b008001 10024 100 9000 580000 63305 3110
0b008001 0b007001 10010 100 275000 455000 195210 58864
0b000e01 0b008001 10019 100 1000 649999 1817 1433
0b003e01 0b008001 10046 100 13000 559999 92851 3948
0b008001 0b002001 10006 100 3000 650999 2644 1852
0b001e01 0b008001 10027 100 12000 577000 85477 3739
0b000001 0b008001 10008 100 5000 665000 4110 2272
0b004001 0b008001 10017 100 1000 666999 4297 1433
0b000001 0b008001 10009 100 2000 666999 4765 1643
0b008001 0b004001 10009 100 1000 666999 6893 1433
0b008001 0b004001 10008 100 19000 659999 15480 5206
0b003e01 0b008001 10047 100 17000 560999 117078 4787
0b008001 0b000e01 10009 100 48000 654999 27266 11284
0b000001 0b008001 10010 100 1000 678000 4319 1433
0b007001 0b008001 10063 100 1000 679000 3506 1433
0b008001 0b007001 10014 100 3000 679000 3533 1852
0b008001 0b000e01 10010 100 15000 670000 13269 4368
0b008001 0b000001 10014 100 15000 675999 9776 4368
0b003e01 0b008001 10050 100 6000 675999 11152 2481
0b008001 0b002e01 10001 100 2000 688000 2966 1643
0b002e01 0b008001 10029 100 1000 690999 1832 1433
0b001e01 0b008001 10030 100 8000 666999 26768 2900
0b008001 0b007001 10015 100 11000 684000 10163 3529
0b007001 0b008001 10014 100 84000 159999 538895 18830
0b008001 0b000e01 10011 100 15000 685999 16454 4368
0b008001 0b004001 10010 100 16000 690999 16585 4577
0b001e01 0b008001 10031 100 5000 692000 15722 2272
0b007001 0b008001 10064 100 4000 693000 15973 2062
0b000e01 0b008001 10020 100 14000 697000 12458 4158
0b001001 0b008001 10040 100 32000 612000 99700 7931
0b008001 0b003e01 10018 100 1000 708999 3699 1433
0b008001 0b007001 10016 100 30000 684000 30519 7512
0b000001 0b008001 10011 100 8000 707999 7743 2900
0b008001 0b004001 10011 100 6000 705000 11391 2481
0b008001 0b000e01 10012 100 6000 705000 11625 2481
0b001001 0b008001 10043 100 1000 715000 2533 1433
0b008001 0b000e01 10013 100 5000 708999 9149 2272
0b008001 0b004001 10012 100 9000 706999 13723 3110
0b007001 0b008001 10065 100 10000 698999 25303 3320
0b003001 0b008001 10027 100 6000 711999 13005 2481
0b001001 0b008001 10042 100 3000 711000 14740 1852
0b007001 0b008001 10066 100 8000 706000 20272 2900
0b007001 0b008001 10067 100 3000 711000 15974 1852
0b008001 0b000001 10015 100 44000 687000 42614 10446
0b001001 0b008001 10044 100 2000 719000 11420 1643
0b008001 0b004001 10014 100 1000 729000 3188 1433
0b002e01 0b008001 10030 100 6000 720000 15066 2481
0b007001 0b008001 10068 100 3000 723000 12768 1852
0b001e01 0b008001 10018 100 41000 433000 303870 9817
0b001e01 0b008001 10033 100 2000 728000 12109 1643
0b000001 0b008001 10012 100 5000 739999 3854 2272
0b008001 0b000e01 10014 100 1000 741000 3029 1433
0b008001 0b004001 10013 100 60000 711999 37318 13800
0b004001 0b008001 10018 100 3000 741000 12334 1852
0b008001 0b007001 10020 100 1000 757999 5315 1433
0b000001 0b008001 10014 100 1000 759000 4694 1433
0b003001 0b008001 10032 100 1000 759000 5098 1433
0b000001 0b008001 10015 100 1000 760999 6490 1433
0b003001 0b008001 10030 100 2000 751999 15524 1643
0b002001 0b008001 10019 100 74000 259999 511804 16734
0b008001 0b000e01 10016 100 1000 764999 6820 1433
0b007001 0b008001 10069 100 3000 752999 22412 1852
0b001001 0b008001 10046 100 2000 760000 15581 1643
0b003001 0b008001 10033 100 1000 769000 7283 1433
0b001001 0b008001 10048 100 2000 760999 16688 1643
0b008001 0b007001 10018 100 17000 750000 29490 4787
0b001001 0b008001 10049 100 2000 764000 17129 1643
0b003e01 0b008001 10052 100 3000 759000 22665 1852
0b008001 0b000001 10017 100 14000 755000 28285 4158
0b003001 0b008001 10034 100 1000 777000 6303 1433
0b007001 0b008001 10071 100 1000 778000 6771 1433
0b003001 0b008001 10035 100 1000 778999 6308 1433
0b003001 0b008001 10028 100 11000 745000 41311 3529
0b008001 0b007001 10019 100 26000 751000 38539 6673
0b008001 0b000001 10016 100 29000 750000 41394 7302
0b001e01 0b008001 10036 100 1000 790000 4484 1433
0b001e01 0b008001 10037 100 1000 791000 4922 1433
0b001e01 0b008001 10038 100 1000 791999 4174 1433
0b001e01 0b008001 10039 100 1000 791999 4523 1433
0b003001 0b008001 10031 100 7000 756999 40537 2691
0b003e01 0b008001 10036 100 56000 373000 431607 12961
0b000001 0b008001 10017 100 3000 786000 18722 1852
0b008001 0b007001 10017 100 119000 706000 100136 26166
0b003001 0b008001 10037 100 1000 801999 4229 1433
0b003001 0b008001 10038 100 1000 801999 4480 1433
0b003001 0b008001 10036 100 4000 788999 17931 2062
0b007001 0b008001 10072 100 2000 794000 13381 1643
0b008001 0b000001 10018 100 43000 763000 45225 10236
0b000001 0b008001 10013 100 14000 757999 50450 4158
0b004001 0b008001 10019 100 1000 805000 4436 1433
0b003e01 0b008001 10053 100 4000 791000 18670 2062
0b001001 0b008001 10050 100 6000 781000 33329 2481
0b000e01 0b008001 10021 100 1000 812000 4550 1433
0b000001 0b008001 10018 100 4000 805999 16614 2062
0b003001 0b008001 10029 100 12000 751999 72001 3739
0b007001 0b008001 10070 100 11000 754000 73140 3529
0b001e01 0b008001 10042 100 5000 812000 15174 2272
0b000001 0b008001 10020 100 1000 824999 2609 1433
0b003e01 0b008001 10038 100 56000 393000 435659 12961
0b000001 0b008001 10019 100 5000 817000 14267 2272
0b001e01 0b008001 10041 100 7000 796000 36420 2691
0b001001 0b008001 10047 100 10000 760000 72552 3320
0b008001 0b000e01 10015 100 109000 752999 81425 24070
0b002e01 0b008001 10032 100 8000 796000 41388 2900
0b007001 0b008001 10033 100 61000 331000 510878 14009
0b001e01 0b008001 10040 100 8000 794000 48529 2900
0b001e01 0b008001 10043 100 14000 827000 15963 4158
0b000e01 0b008001 10023 100 1000 844000 3303 1433
0b003001 0b008001 10039 100 6000 833999 17644 2481
0b007001 0b008001 10074 100 7000 833999 20682 2691
0b002e01 0b008001 10034 100 1000 848000 7766 1433
0b001001 0b008001 10035 100 45000 513000 343417 10656
0b000001 0b008001 10016 100 13000 766999 90069 3948
0b001e01 0b008001 10044 100 5000 836000 21936 2272
0b007001 0b008001 10076 100 6000 837999 25362 2481
0b003e01 0b008001 10018 100 73000 284999 579013 16524
0b000001 0b008001 10021 100 1000 858000 6663 1433
0b000e01 0b008001 10024 100 10000 845999 22136 3320
0b002e01 0b008001 10033 100 3000 846999 21570 1852
0b001001 0b008001 10051 100 12000 796000 75390 3739
0b002e01 0b008001 10035 100 6000 849999 25731 2481
0b000001 0b008001 10022 100 1000 876000 1742 1433
0b008001 0b007001 10021 100 1000 876999 2758 1433
0b003e01 0b008001 10056 100 10000 864999 15535 3320
0b003001 0b008001 10040 100 10000 870000 18908 3320
0b003e01 0b008001 10055 100 14000 857000 32342 4158
0b000e01 0b008001 10025 100 2000 880999 10513 1643
0b001e01 0b008001 10045 100 7000 877999 15900 2691
0b000001 0b008001 10023 100 9000 889999 8240 3110
0b003001 0b008001 10041 100 9000 879000 19890 3110
0b003e01 0b008001 10054 100 9000 845000 55626 3110
0b003001 0b008001 10042 100 4000 885999 14844 2062
0b001e01 0b008001 10046 100 4000 890999 12882 2062
0b001001 0b008001 10045 100 51000 723000 185655 11913
0b000e01 0b008001 10026 100 5000 894000 15523 2272
0b003e01 0b008001 10057 100 1000 908999 3714 1433
0b001e01 0b008001 10034 100 26000 748999 165813 6673
0b003001 0b008001 10043 100 15000 888000 27063 4368
0b001e01 0b008001 10035 100 19000 766999 151291 5206
0b000e01 0b008001 10028 100 4000 907999 13111 2062
0b000001 0b008001 10024 100 21000 903000 18995 5625
0b000e01 0b008001 10029 100 10000 916000 16918 3320
0b000e01 0b008001 10030 100 10000 916999 19727 3320
0b000e01 0b008001 10032 100 2000 926999 11348 1643
0b000e01 0b008001 10027 100 26000 907000 31364 6673
0b000e01 0b008001 10031 100 7000 921000 18500 2691
0b008001 0b007001 10022 100 90000 911000 33140 20088
0b007001 0b008001 10077 100 13000 930000 15568 3948
0b007001 0b008001 10078 100 3000 934000 12219 1852
0b000001 0b008001 10025 100 4000 948999 2103 2062
0b007001 0b008001 10079 100 7000 942000 15312 2691
0b002e01 0b008001 10036 100 1000 956000 5652 1433
0b001e01 0b008001 10048 100 7000 947000 19860 2691
0b003e01 0b008001 10058 100 3000 953999 15868 1852
0b003e01 0b008001 10059 100 4000 953999 17170 2062
0b000001 0b008001 10026 100 3000 975999 3850 1852
0b003001 0b008001 10046 100 10000 961000 21236 3320
0b001e01 0b008001 10049 100 2000 971999 11973 1643
0b000001 0b008001 10027 100 3000 984000 2103 1852
0b003e01 0b008001 10060 100 4000 975999 14661 2062
0b000e01 0b008001 10033 100 2000 985999 10849 1643
0b007001 0b008001 10080 100 1000 995999 3019 1433
0b003001 0b008001 10047 100 25000 961999 40495 6464
0b001001 0b008001 10052 100 3000 992000 15577 1852
0b007001 0b008001 10083 100 1000 1003999 5873 1433
0b008001 0b003e01 10019 100 4000 1007000 6069 2062
0b008001 0b002e01 10002 100 1000 1010999 4257 1433
0b004001 0b008001 10016 100 53000 666000 349365 12332
0b007001 0b008001 10084 100 2000 1005000 14505 1643
0b001001 0b008001 10054 100 5000 1000000 21675 2272
0b003e01 0b008001 10061 100 12000 989000 33109 3739
0b001e01 0b008001 10052 100 1000 1025000 5355 1433
0b001001 0b008001 10055 100 6000 1000999 35866 2481
0b003e01 0b008001 10063 100 5000 1007999 29083 2272
0b001e01 0b008001 10051 100 2000 1025000 14252 1643
0b000001 0b008001 10028 100 2000 1034999 6206 1643
0b000001 0b008001 10029 100 4000 1034999 7291 2062
0b007001 0b008001 10086 100 6000 1018000 25809 2481
0b003e01 0b008001 10062 100 6000 1005000 39026 2481
0b002e01 0b008001 10038 100 2000 1033000 15878 1643
0b001001 0b008001 10053 100 10000 997000 53319 3320
0b004001 0b008001 10022 100 1000 1044999 6405 1433
0b001e01 0b008001 10053 100 4000 1030000 22055 2062
0b007001 0b008001 10085 100 7000 1008999 47732 2691
0b004001 0b008001 10020 100 3000 1034999 22166 1852
0b004001 0b008001 10023 100 2000 1044999 16506 1643
0b003e01 0b008001 10064 100 2000 1046999 16310 1643
0b002001 0b008001 10036 100 4000 1038000 26211 2062
0b007001 0b008001 10046 100 74000 500000 565079 16734
0b007001 0b008001 10088 100 5000 1033999 33684 2272
0b002001 0b008001 10038 100 3000 1043000 26202 1852
0b004001 0b008001 10021 100 3000 1044000 25853 1852
0b007001 0b008001 10082 100 9000 1002000 68504 3110
0b002001 0b008001 10034 100 6000 1028999 41739 2481
0b003e01 0b008001 10066 100 1000 1062000 9172 1433
0b002001 0b008001 10035 100 5000 1036999 34339 2272
0b000e01 0b008001 10036 100 2000 1056000 17776 1643
0b007001 0b008001 10087 100 6000 1033000 42180 2481
0b003e01 0b008001 10065 100 3000 1049000 26397 1852
0b007001 0b008001 10089 100 3000 1051000 26567 1852
0b002001 0b008001 10039 100 3000 1051000 27218 1852
0b002001 0b008001 10040 100 3000 1054999 26142 1852
0b004001 0b008001 10026 100 3000 1056999 25461 1852
0b002e01 0b008001 10039 100 7000 1034999 49848 2691
0b002001 0b008001 10037 100 6000 1041000 44064 2481
0b003e01 0b008001 10067 100 2000 1069999 15716 1643
0b004001 0b008001 10025 100 4000 1054999 32269 2062
0b000e01 0b008001 10037 100 4000 1057999 31307 2062
0b002001 0b008001 10042 100 4000 1059999 31694 2062
0b001e01 0b008001 10050 100 12000 1015999 80170 3739
0b004001 0b008001 10024 100 6000 1049999 47574 2481
0b008001 0b000e01 10017 100 52000 1046999 53771 12123
0b002e01 0b008001 10027 100 72000 536000 565547 16315
0b004001 0b008001 10028 100 7000 1080000 28057 2691
0b000001 0b008001 10030 100 13000 1095000 15010 3948
0b004001 0b008001 10029 100 3000 1101999 11060 1852
0b000e01 0b008001 10039 100 1000 1116999 1458 1433
0b004001 0b008001 10030 100 7000 1106999 14062 2691
0b000001 0b008001 10031 100 1000 1118999 2279 1433
0b000001 0b008001 10032 100 5000 1119999 6053 2272
0b002001 0b008001 10041 100 9000 1056000 73189 3110
0b007001 0b008001 10081 100 21000 1000000 130882 5625
0b004001 0b008001 10027 100 10000 1070999 64917 3320
0b001e01 0b008001 10055 100 1000 1134999 2002 1433
0b000e01 0b008001 10040 100 9000 1123999 14955 3110
0b000001 0b008001 10033 100 2000 1136999 4125 1643
0b000e01 0b008001 10034 100 27000 987999 154427 6883
0b000001 0b008001 10034 100 8000 1139000 8417 2900
0b004001 0b008001 10031 100 1000 1149000 4276 1433
0b003001 0b008001 10044 100 42000 943999 209711 10027
0b002e01 0b008001 10041 100 2000 1142000 13229 1643
0b003e01 0b008001 10068 100 6000 1137999 18532 2481
0b000001 0b008001 10035 100 2000 1157999 4391 1643
0b001001 0b008001 10057 100 5000 1142000 20607 2272
0b001e01 0b008001 10054 100 13000 1070999 97033 3948
0b003e01 0b008001 10069 100 6000 1144999 24769 2481
0b002001 0b008001 10033 100 19000 1020999 149203 5206
0b003e01 0b008001 10071 100 7000 1149999 25411 2691
0b003e01 0b008001 10072 100 7000 1152000 23844 2691
0b002e01 0b008001 10042 100 1000 1175999 2666 1433
0b000001 0b008001 10037 100 1000 1178000 2184 1433
0b001001 0b008001 10058 100 7000 1162999 18270 2691
0b002001 0b008001 10015 100 167000 165999 1016572 36227
0b002001 0b008001 10043 100 14000 1132999 52176 4158
0b000e01 0b008001 10022 100 49000 844000 348770 11494
0b001001 0b008001 10056 100 15000 1131999 62290 4368
0b004001 0b008001 10033 100 10000 1182000 14459 3320
0b001001 0b008001 10059 100 2000 1185000 13629 1643
0b002001 0b008001 10045 100 5000 1183999 19404 2272
0b002001 0b008001 10046 100 3000 1198000 15168 1852
0b004001 0b008001 10032 100 13000 1180000 35555 3948
0b000e01 0b008001 10042 100 6000 1188999 30679 2481
0b001001 0b008001 10062 100 6000 1203999 16764 2481
0b000001 0b008001 10038 100 8000 1190000 32282 2900
0b002e01 0b008001 10040 100 14000 1137999 88840 4158
0b002001 0b008001 10047 100 6000 1209999 17274 2481
0b000001 0b008001 10040 100 3000 1216000 13226 1852
0b000001 0b008001 10039 100 9000 1193000 37528 3110
0b000e01 0b008001 10043 100 11000 1208000 24414 3529
0b002001 0b008001 10044 100 16000 1162999 72711 4577
0b002e01 0b008001 10037 100 27000 1018999 217794 6883
0b000e01 0b008001 10041 100 10000 1183999 53879 3320
0b004001 0b008001 10034 100 14000 1227000 16236 4158
0b003e01 0b008001 10070 100 14000 1144999 98671 4158
0b001001 0b008001 10061 100 11000 1198000 45887 3529
0b000001 0b008001 10041 100 5000 1232999 14076 2272
0b000e01 0b008001 10044 100 2000 1239000 10304 1643
0b001e01 0b008001 10047 100 54000 942000 310255 12542
0b001001 0b008001 10065 100 1000 1260000 3479 1433
0b001001 0b008001 10064 100 1000 1260000 3747 1433
0b004001 0b008001 10035 100 2000 1255000 11875 1643
0b001001 0b008001 10066 100 1000 1263999 3573 1433
0b003001 0b008001 10026 100 91000 667999 604305 20297
0b000001 0b008001 10042 100 3000 1257000 15687 1852
0b004001 0b008001 10036 100 1000 1278000 1727 1433
0b000e01 0b008001 10038 100 44000 1090999 190315 10446
0b002001 0b008001 10048 100 21000 1265000 16411 5625
0b007001 0b008001 10092 100 2000 1276000 11217 1643
0b002e01 0b008001 10031 100 64000 787999 504413 14638
0b007001 0b008001 10091 100 11000 1276000 20203 3529
0b004001 0b008001 10037 100 1000 1293000 4339 1433
0b001001 0b008001 10068 100 1000 1297999 4450 1433
0b008001 0b004001 10015 100 93000 1262000 42561 20716
0b001001 0b008001 10069 100 1000 1304000 2206 1433
0b002001 0b008001 10050 100 1000 1304999 2726 1433
0b001001 0b008001 10067 100 2000 1297999 11679 1643
0b000001 0b008001 10045 100 3000 1296000 14329 1852
0b002001 0b008001 10049 100 13000 1293000 19065 3948
0b000001 0b008001 10044 100 10000 1284999 27500 3320
0b001e01 0b008001 10057 100 1000 1312999 1755 1433
0b001e01 0b008001 10056 100 2000 1307999 11095 1643
0b000001 0b008001 10046 100 3000 1304999 14746 1852
0b001e01 0b008001 10058 100 1000 1317000 3830 1433
0b000001 0b008001 10047 100 6000 1307000 16217 2481
0b004001 0b008001 10039 100 6000 1317999 9992 2481
0b001e01 0b008001 10059 100 2000 1317999 12813 1643
0b002e01 0b008001 10043 100 5000 1332000 4888 2272
0b004001 0b008001 10038 100 18000 1312000 27058 4996
0b002001 0b008001 10051 100 5000 1337000 4011 2272
0b001e01 0b008001 10061 100 3000 1327999 15616 1852
0b008001 0b007001 10023 100 1000 1340999 4677 1433
0b003001 0b008001 10049 100 12000 1312000 37176 3739
0b003e01 0b008001 10074 100 5000 1333999 17279 2272
