7788620 277 1 1 1
7794337 277 1 1 0
7798966 277 1 1 1
7804241 277 1 1 0
7810074 277 1 1 1
7815716 277 1 1 0
7820162 277 1 1 1
7826195 277 1 1 0
7831360 277 1 1 1
7837142 277 1 1 0
7841554 277 1 1 1
7863550 277 1 1 0
7871753 277 1 1 1
7877624 277 1 1 0
7882087 277 1 1 1
7888069 277 1 1 0
7892498 277 1 1 1
7897906 277 1 1 0
7903671 277 1 1 1
7908865 277 1 1 0
7915281 277 1 1 1
7920599 277 1 1 0
7926232 277 1 1 1
7935356 277 1 1 0
7938651 277 1 1 1
7955778 277 1 1 0
7963489 277 1 1 1
7968420 277 1 1 0
7971964 277 1 1 1
8010140 277 1 1 0
8020989 277 1 1 1
8026103 277 1 1 0
8031736 277 1 1 1
8036918 277 1 1 0
8043019 277 1 1 1
8048437 277 1 1 0
8054653 277 1 1 1
8061122 277 1 1 0
8065819 277 1 1 1
8071698 277 1 1 0
8076127 277 1 1 1
8082267 277 1 1 0
8088134 277 1 1 1
8096928 277 1 1 0
8100038 277 1 1 1
8146783 277 1 1 0
8152782 277 1 1 1
8158853 277 1 1 0
8163465 277 1 1 1
8169329 277 1 1 0
8174175 277 1 1 1
8180683 277 1 1 0
8185380 277 1 1 1
8191743 277 1 1 0
8196423 277 1 1 1
8202513 277 1 1 0
8207159 277 1 1 1
8213311 277 1 1 0
8218025 277 1 1 1
8223892 277 1 1 0
8228070 277 1 1 1
8251849 277 1 1 0
8256580 277 1 1 1
8262089 277 1 1 0
8266642 277 1 1 1
8273062 277 1 1 0
8278142 277 1 1 1
8295552 277 1 1 0
8300172 277 1 1 1
8314931 277 1 1 0
8332664 277 1 1 1
8338693 277 1 1 0
8343462 277 1 1 1
8350032 277 1 1 0
8354745 277 1 1 1
8360612 277 1 1 0
8365543 277 1 1 1
8369036 277 1 1 0
8378681 277 1 1 1
8391982 277 1 1 0
8405306 277 1 1 1
8410277 277 1 1 0
8416008 277 1 1 1
8421067 277 1 1 0
8432061 277 1 1 1
8435092 277 1 1 0
8447579 277 1 1 1
8451774 277 1 1 0
8489918 277 1 1 1
8493209 277 1 1 0
8504203 277 1 1 1
8509389 277 1 1 0
8515439 277 1 1 1
8520204 277 1 1 0
8540767 277 1 1 1
8546167 277 1 1 0
8551177 277 1 1 1
8557106 277 1 1 0
8562905 277 1 1 1
8567608 277 1 1 0
8576696 277 1 1 1
8581699 277 1 1 0
8602993 277 1 1 1
8605801 277 1 1 0
8644059 277 1 1 1
8649125 277 1 1 0
8683808 277 1 1 1
8688693 277 1 1 0
8694606 277 1 1 1
8700032 277 1 1 0
8704702 277 1 1 1
8711037 277 1 1 0
8715968 277 1 1 1
8722303 277 1 1 0
8726612 277 1 1 1
8732487 277 1 1 0
8738085 277 1 1 1
8743209 277 1 1 0
8749315 277 1 1 1
8754484 277 1 1 0
8760347 277 1 1 1
8764393 277 1 1 0
8774799 277 1 1 1
8779552 277 1 1 0
8785751 277 1 1 1
8791036 277 1 1 0
8797001 277 1 1 1
8802101 277 1 1 0
8807849 277 1 1 1
8818298 277 1 1 0
8829764 277 1 1 1
8839894 277 1 1 0
8846195 277 1 1 1
8856291 277 1 1 0
8862707 277 1 1 1
8866604 277 1 1 0
8876462 277 1 1 1
8881546 277 1 1 0
8884890 277 1 1 1
8892578 277 1 1 0
8898211 277 1 1 1
8907682 277 1 1 0
8927529 277 1 1 1
8932409 277 1 1 0
8936872 277 1 1 1
8944914 277 1 1 0
8956745 277 1 1 1
8962302 277 1 1 0
8965212 277 1 1 1
8968576 277 1 1 0
8989722 277 1 1 1
8994368 277 1 1 0
9015947 277 1 1 1
9027515 277 1 1 0
9032897 277 1 1 1
9039595 277 1 1 0
9049477 277 1 1 1
9083943 277 1 1 0
9239986 277 1 1 1
9247486 277 1 1 0
9252668 277 1 1 1
9263671 277 1 1 0
9268551 277 1 1 1
9290428 277 1 1 0
9297231 277 1 1 1
9314026 277 1 1 0
9321703 277 1 1 1
9326566 277 1 1 0
9332667 277 1 1 1
9337832 277 1 1 0
9343482 277 1 1 1
9353735 277 1 1 0
9360236 277 1 1 1
9370911 277 1 1 0
9377412 277 1 1 1
9387291 277 1 1 0
9393490 277 1 1 1
9398642 277 1 1 0
9408785 277 1 1 1
9414754 277 1 1 0
9426603 277 1 1 1
9430113 277 1 1 0
9493092 277 1 1 1
9496735 277 1 1 0
9501866 277 1 1 1
9506597 277 1 1 0
9526271 277 1 1 1
9529729 277 1 1 0
9547182 277 1 1 1
9555052 277 1 1 0
9560919 277 1 1 1
9565833 277 1 1 0
9588629 277 1 1 1
9593537 277 1 1 0
9599353 277 1 1 1
9604422 277 1 1 0
9610289 277 1 1 1
9613802 277 1 1 0
9684784 277 1 1 1
9687353 277 1 1 0
9698363 277 1 1 1
9705971 277 1 1 0
9711319 277 1 1 1
9721848 277 1 1 0
9727830 277 1 1 1
9737658 277 1 1 0
9742755 277 1 1 1
9751056 277 1 1 0
9795048 277 1 1 1
9798575 277 1 1 0
9828911 277 1 1 1
9831735 277 1 1 0
9876201 277 1 1 1
9881284 277 1 1 0
9887151 277 1 1 1
9894570 277 1 1 0
9920030 277 1 1 1
9926883 277 1 1 0
9940830 277 1 1 1
9950314 277 1 1 0
9966882 277 1 1 1
9975421 277 1 1 0
9985126 277 1 1 1
9997098 277 1 1 0
10024476 277 1 1 1
10029830 277 1 1 0
10034744 277 1 1 1
10039286 277 1 1 0
10044668 277 1 1 1
10047721 277 1 1 0
10062791 277 1 1 1
10076627 277 1 1 0
10081925 277 1 1 1
10086320 277 1 1 0
10112443 277 1 1 1
10115622 277 1 1 0
10134371 277 1 1 1
10137396 277 1 1 0
10155665 277 1 1 1
10161532 277 1 1 0
10164340 277 1 1 1
10168101 277 1 1 0
10187991 277 1 1 1
10191301 277 1 1 0
10210506 277 1 1 1
10213877 277 1 1 0
10230196 277 1 1 1
10235778 277 1 1 0
10240424 277 1 1 1
10250901 277 1 1 0
10255736 277 1 1 1
10261806 277 1 1 0
10270112 277 1 1 1
10276085 277 1 1 0
10283199 277 1 1 1
10286211 277 1 1 0
10302766 277 1 1 1
10306165 277 1 1 0
10317359 277 1 1 1
10321677 277 1 1 0
10337538 277 1 1 1
10341129 277 1 1 0
10345728 277 1 1 1
10350804 277 1 1 0
10368660 277 1 1 1
10371719 277 1 1 0
10389988 277 1 1 1
10392865 277 1 1 0
10409803 277 1 1 1
10412951 277 1 1 0
10430270 277 1 1 1
10433780 277 1 1 0
10441281 277 1 1 1
10447569 277 1 1 0
10455274 277 1 1 1
10467944 277 1 1 0
10486179 277 1 1 1
10489320 277 1 1 0
10507975 277 1 1 1
10511682 277 1 1 0
10515697 277 1 1 1
10519909 277 1 1 0
10531375 277 1 1 1
10535010 277 1 1 0
10544132 277 1 1 1
10549010 277 1 1 0
10559200 277 1 1 1
10562299 277 1 1 0
10608004 277 1 1 1
10614479 277 1 1 0
10626664 277 1 1 1
10630487 277 1 1 0
10665755 277 1 1 1
10668697 277 1 1 0
10677676 277 1 1 1
10680735 277 1 1 0
10690508 277 1 1 1
10698309 277 1 1 0
10725348 277 1 1 1
10732252 277 1 1 0
10748846 277 1 1 1
10754245 277 1 1 0
10760580 277 1 1 1
10773811 277 1 1 0
10793842 277 1 1 1
10797760 277 1 1 0
10806095 277 1 1 1
10811039 277 1 1 0
10815451 277 1 1 1
10819633 277 1 1 0
10830648 277 1 1 1
10833865 277 1 1 0
10852203 277 1 1 1
10857295 277 1 1 0
10863208 277 1 1 1
10873321 277 1 1 0
10878486 277 1 1 1
10885323 277 1 1 0
10890922 277 1 1 1
10895853 277 1 1 0
10901567 277 1 1 1
10906885 277 1 1 0
10913471 277 1 1 1
10919338 277 1 1 0
10922682 277 1 1 1
10930604 277 1 1 0
10936254 277 1 1 1
10940935 277 1 1 0
10946584 277 1 1 1
10951589 277 1 1 0
10957571 277 1 1 1
10966634 277 1 1 0
10971490 277 1 1 1
10977539 277 1 1 0
10982071 277 1 1 1
10988112 277 1 1 0
10993426 277 1 1 1
10998434 277 1 1 0
11001344 277 1 1 1
11009237 277 1 1 0
11014385 277 1 1 1
11028339 277 1 1 0
11034338 277 1 1 1
11044611 277 1 1 0
11050403 277 1 1 1
11055486 277 1 1 0
11059095 277 1 1 1
11067276 277 1 1 0
11073420 277 1 1 1
11080938 277 1 1 0
11086809 277 1 1 1
11092225 277 1 1 0
11097407 277 1 1 1
11102480 277 1 1 0
11108662 277 1 1 1
11116880 277 1 1 0
11122947 277 1 1 1
11127461 277 1 1 0
11133094 277 1 1 1
11138535 277 1 1 0
11141318 277 1 1 1
11149776 277 1 1 0
11154439 277 1 1 1
11159872 277 1 1 0
11165888 277 1 1 1
11170437 277 1 1 0
11175636 277 1 1 1
11182729 277 1 1 0
11188288 277 1 1 1
11197225 277 1 1 0
11203081 277 1 1 1
11209517 277 1 1 0
11215499 277 1 1 1
11220388 277 1 1 0
11226332 277 1 1 1
11233854 277 1 1 0
11239721 277 1 1 1
11244704 277 1 1 0
11250112 277 1 1 1
11254673 277 1 1 0
11260429 277 1 1 1
11264995 277 1 1 0
11269384 277 1 1 1
11275398 277 1 1 0
11280580 277 1 1 1
11285070 277 1 1 0
11291052 277 1 1 1
11296119 277 1 1 0
11302237 277 1 1 1
11309742 277 1 1 0
11315158 277 1 1 1
11320808 277 1 1 0
11325505 277 1 1 1
11331723 277 1 1 0
11337071 277 1 1 1
11341777 277 1 1 0
11345229 277 1 1 1
11352750 277 1 1 0
11358817 277 1 1 1
11368965 277 1 1 0
11375266 277 1 1 1
11380299 277 1 1 0
11385213 277 1 1 1
11401610 277 1 1 0
11407026 277 1 1 1
11412659 277 1 1 0
11419011 277 1 1 1
11424371 277 1 1 0
11430455 277 1 1 1
11437795 277 1 1 0
11443466 277 1 1 1
11448717 277 1 1 0
11454818 277 1 1 1
11459839 277 1 1 0
11465855 277 1 1 1
11470493 277 1 1 0
11474973 277 1 1 1
11481700 277 1 1 0
11486692 277 1 1 1
11496852 277 1 1 0
11501702 277 1 1 1
11507433 277 1 1 0
11518691 277 1 1 1
11523780 277 1 1 0
11528225 277 1 1 1
11536106 277 1 1 0
11541820 277 1 1 1
11547013 277 1 1 0
11552646 277 1 1 1
11559734 277 1 1 0
11603543 277 1 1 1
11606406 277 1 1 0
11631228 277 1 1 1
11634278 277 1 1 0
11641719 277 1 1 1
11645229 277 1 1 0
11657665 277 1 1 1
11661789 277 1 1 0
11697044 277 1 1 1
11702210 277 1 1 0
11708477 277 1 1 1
11712751 277 1 1 0
11721900 277 1 1 1
11731060 277 1 1 0
11737412 277 1 1 1
11742428 277 1 1 0
11748444 277 1 1 1
11751669 277 1 1 0
11764142 277 1 1 1
11775890 277 1 1 0
11782625 277 1 1 1
11787624 277 1 1 0
11793491 277 1 1 1
11798656 277 1 1 0
11830029 277 1 1 1
11838022 277 1 1 0
11844255 277 1 1 1
11848600 277 1 1 0
11876931 277 1 1 1
11880441 277 1 1 0
11895928 277 1 1 1
11905964 277 1 1 0
11909257 277 1 1 1
11917766 277 1 1 0
11930619 277 1 1 1
11942171 277 1 1 0
11946999 277 1 1 1
11959190 277 1 1 0
11964149 277 1 1 1
11973605 277 1 1 0
11979393 277 1 1 1
11985260 277 1 1 0
11993999 277 1 1 1
12000236 277 1 1 0
12003780 277 1 1 1
12008620 277 1 1 0
12022839 277 1 1 1
12026393 277 1 1 0
12031541 277 1 1 1
12037174 277 1 1 0
12053988 277 1 1 1
12057206 277 1 1 0
12060984 277 1 1 1
12069215 277 1 1 0
12073244 277 1 1 1
12083045 277 1 1 0
12089010 277 1 1 1
12091754 277 1 1 0
12113207 277 1 1 1
12122097 277 1 1 0
12137852 277 1 1 1
12141419 277 1 1 0
12157940 277 1 1 1
12160795 277 1 1 0
12175520 277 1 1 1
12179949 277 1 1 0
12184646 277 1 1 1
12196489 277 1 1 0
12200609 277 1 1 1
12207178 277 1 1 0
12211858 277 1 1 1
12217758 277 1 1 0
12221703 277 1 1 1
12224511 277 1 1 0
12241776 277 1 1 1
12257040 277 1 1 0
12298604 277 1 1 1
12302554 277 1 1 0
12307953 277 1 1 1
12321804 277 1 1 0
12328322 277 1 1 1
12332517 277 1 1 0
12368014 277 1 1 1
12370834 277 1 1 0
12430864 277 1 1 1
12435474 277 1 1 0
12441544 277 1 1 1
12448347 277 1 1 0
12454597 277 1 1 1
12459630 277 1 1 0
12465229 277 1 1 1
12469844 277 1 1 0
12504894 277 1 1 1
12507506 277 1 1 0
12529635 277 1 1 1
12533157 277 1 1 0
12553969 277 1 1 1
12556928 277 1 1 0
12604919 277 1 1 1
12607744 277 1 1 0
12631213 277 1 1 1
12636326 277 1 1 0
12642010 277 1 1 1
12649388 277 1 1 0
12664156 277 1 1 1
12678103 277 1 1 0
12683011 277 1 1 1
12698055 277 1 1 0
12703152 277 1 1 1
12709333 277 1 1 0
12714013 277 1 1 1
12731619 277 1 1 0
12736333 277 1 1 1
12753934 277 1 1 0
12758648 277 1 1 1
12773937 277 1 1 0
12778572 277 1 1 1
12790458 277 1 1 0
12795237 277 1 1 1
12801338 277 1 1 0
12806035 277 1 1 1
12817782 277 1 1 0
12820828 277 1 1 1
12828538 277 1 1 0
12833515 277 1 1 1
12839311 277 1 1 0
12844772 277 1 1 1
12849946 277 1 1 0
12854409 277 1 1 1
12861210 277 1 1 0
12866394 277 1 1 1
12875537 277 1 1 0
12881136 277 1 1 1
12886386 277 1 1 0
12891985 277 1 1 1
12896682 277 1 1 0
12901886 277 1 1 1
12909586 277 1 1 0
12946741 277 1 1 1
12960305 277 1 1 0
12966521 277 1 1 1
12971396 277 1 1 0
12977497 277 1 1 1
12982896 277 1 1 0
12988529 277 1 1 1
12997940 277 1 1 0
13003088 277 1 1 1
13008120 277 1 1 0
13013920 277 1 1 1
13019085 277 1 1 0
13025152 277 1 1 1
13031900 277 1 1 0
13037656 277 1 1 1
13042988 277 1 1 0
13048770 277 1 1 1
13053853 277 1 1 0
13058584 277 1 1 1
13066453 277 1 1 0
13072190 277 1 1 1
13087451 277 1 1 0
13092616 277 1 1 1
13101920 277 1 1 0
13107753 277 1 1 1
13110344 277 1 1 0
13116701 277 1 1 1
13122138 277 1 1 0
13135068 277 1 1 1
13142309 277 1 1 0
13160162 277 1 1 1
13163378 277 1 1 0
13170177 277 1 1 1
13174133 277 1 1 0
13190718 277 1 1 1
13195738 277 1 1 0
13204119 277 1 1 1
13210169 277 1 1 0
13227311 277 1 1 1
13230511 277 1 1 0
13247175 277 1 1 1
13250217 277 1 1 0
13264257 277 1 1 1
13269656 277 1 1 0
13288398 277 1 1 1
13291435 277 1 1 0
13338235 277 1 1 1
13342932 277 1 1 0
13348565 277 1 1 1
13352092 277 1 1 0
13372267 277 1 1 1
13377108 277 1 1 0
13393629 277 1 1 1
13398794 277 1 1 0
13404427 277 1 1 1
13407954 277 1 1 0
13417097 277 1 1 1
13422262 277 1 1 0
13428363 277 1 1 1
13433558 277 1 1 0
13439641 277 1 1 1
13446802 277 1 1 0
13460200 277 1 1 1
13462811 277 1 1 0
13511249 277 1 1 1
13514050 277 1 1 0
13544687 277 1 1 1
13560867 277 1 1 0
13567670 277 1 1 1
13588364 277 1 1 0
13592644 277 1 1 1
13604561 277 1 1 0
13608567 277 1 1 1
13631390 277 1 1 0
13635636 277 1 1 1
13658029 277 1 1 0
13662363 277 1 1 1
13681562 277 1 1 0
13688348 277 1 1 1
13702223 277 1 1 0
13708614 277 1 1 1
13719493 277 1 1 0
13724343 277 1 1 1
13739872 277 1 1 0
13747139 277 1 1 1
13755458 277 1 1 0
13769080 277 1 1 1
13775883 277 1 1 0
13785277 277 1 1 1
13789649 277 1 1 0
13805604 277 1 1 1
13808794 277 1 1 0
13832497 277 1 1 1
13838418 277 1 1 0
13842698 277 1 1 1
13847960 277 1 1 0
13863128 277 1 1 1
13875084 277 1 1 0
13881507 277 1 1 1
13884515 277 1 1 0
13912527 277 1 1 1
13916429 277 1 1 0
13924734 277 1 1 1
13930371 277 1 1 0
13944756 277 1 1 1
13950869 277 1 1 0
13954196 277 1 1 1
13961684 277 1 1 0
13967551 277 1 1 1
13968828 285 1 3 1
13972909 277 1 1 0
13977823 277 1 1 1
13982746 277 1 1 0
13986324 277 1 1 1
13995170 277 1 1 0
14001600 277 1 1 1
14006994 277 1 1 0
14012649 277 1 1 1
14018031 277 1 1 0
14024400 277 1 1 1
14032407 277 1 1 0
14037104 277 1 1 1
14043439 277 1 1 0
14046498 277 1 1 1
14053301 277 1 1 0
14059168 277 1 1 1
14064089 277 1 1 0
14066691 285 1 3 0
14069749 277 1 1 1
14074947 277 1 1 0
14075562 285 1 3 1
14078878 285 1 3 0
14080997 277 1 1 1
14084572 285 1 3 1
14087392 277 1 1 0
14093902 277 1 1 1
14098599 277 1 1 0
14100041 285 1 3 0
14101692 277 1 1 1
14104253 285 1 3 1
14109631 277 1 1 0
14115281 285 1 3 0
14115596 277 1 1 1
14119276 285 1 3 1
14121833 277 1 1 0
14127313 285 1 3 0
14127934 277 1 1 1
14130857 285 1 3 1
14132862 277 1 1 0
14138593 277 1 1 1
14138712 285 1 3 0
14141822 285 1 3 1
14145769 277 1 1 0
14151117 277 1 1 1
14151921 285 1 3 0
14154597 285 1 3 1
14156497 277 1 1 0
14162028 277 1 1 1
14162598 285 1 3 0
14165757 285 1 3 1
14166887 277 1 1 0
14172452 277 1 1 1
14173022 285 1 3 0
14175687 285 1 3 1
14179379 277 1 1 0
14184727 277 1 1 1
14185263 285 1 3 0
14188356 285 1 3 1
14189688 277 1 1 0
14195177 277 1 1 1
14195840 285 1 3 0
14198499 285 1 3 1
14201008 277 1 1 0
14205707 277 1 1 1
14214972 277 1 1 0
14217116 285 1 3 0
14221219 277 1 1 1
14222912 285 1 3 1
14226384 277 1 1 0
14230315 285 1 3 0
14232719 277 1 1 1
14235829 285 1 3 1
14237884 277 1 1 0
14241781 285 1 3 0
14243066 277 1 1 1
14246644 285 1 3 1
14248304 277 1 1 0
14252226 277 1 1 1
14252252 285 1 3 0
14255468 277 1 1 0
14256013 285 1 3 1
14259416 285 1 3 0
14298747 277 1 1 1
14301247 285 1 3 1
14301367 277 1 1 0
14305298 285 1 3 0
14319611 277 1 1 1
14322911 277 1 1 0
14322917 285 1 3 1
14326842 285 1 3 0
14341172 277 1 1 1
14343525 285 1 3 1
14344267 277 1 1 0
14348494 285 1 3 0
14360981 277 1 1 1
14364223 277 1 1 0
14364475 285 1 3 1
14368265 285 1 3 0
14377106 277 1 1 1
14380591 285 1 3 1
14381216 277 1 1 0
14385164 285 1 3 0
14400579 277 1 1 1
14403115 285 1 3 1
14403634 277 1 1 0
14407565 285 1 3 0
14416568 285 1 3 1
14422793 285 1 3 0
14423260 277 1 1 1
14426120 285 1 3 1
14426536 277 1 1 0
14433020 285 1 3 0
14434688 277 1 1 1
14437849 285 1 3 1
14439269 277 1 1 0
14442932 285 1 3 0
14444149 277 1 1 1
14447544 285 1 3 1
14450480 277 1 1 0
14454143 285 1 3 0
14469571 277 1 1 1
14471545 285 1 3 1
14472719 277 1 1 0
14477318 285 1 3 0
14484777 277 1 1 1
14487380 285 1 3 1
14490765 277 1 1 0
14494639 277 1 1 1
14520391 277 1 1 0
14524008 277 1 1 1
14540354 277 1 1 0
14542247 285 1 3 0
14543898 277 1 1 1
14546105 285 1 3 1
14571510 277 1 1 0
14575458 285 1 3 0
14575488 277 1 1 1
14579223 285 1 3 1
14600309 277 1 1 0
14604223 285 1 3 0
14609150 277 1 1 1
14612256 285 1 3 1
14612965 277 1 1 0
14617615 285 1 3 0
14618615 277 1 1 1
14621627 285 1 3 1
14630210 277 1 1 0
14635094 285 1 3 0
14643310 277 1 1 1
14644331 285 1 3 1
14646384 277 1 1 0
14648295 276 1 1 1
14652685 285 1 3 0
14657876 277 1 1 1
14658382 285 1 3 1
14658565 276 1 1 0
14670440 277 1 1 0
14670478 276 1 1 1
14675656 285 1 3 0
14675857 277 1 1 1
14676486 276 1 1 0
14678966 285 1 3 1
14681047 277 1 1 0
14681600 276 1 1 1
14685000 277 1 1 1
14685234 276 1 1 0
14693458 276 1 1 1
14693590 277 1 1 0
14695143 285 1 3 0
14699172 277 1 1 1
14699325 276 1 1 0
14701525 285 1 3 1
14704958 276 1 1 1
14705426 277 1 1 0
14710608 276 1 1 0
14711076 277 1 1 1
14711327 285 1 3 0
14714203 285 1 3 1
14715922 276 1 1 1
14717177 277 1 1 0
14720612 276 1 1 0
14721874 277 1 1 1
14728164 276 1 1 1
14729296 277 1 1 0
14731315 285 1 3 0
14734093 276 1 1 0
14734427 277 1 1 1
14737263 285 1 3 1
14739107 277 1 1 0
14739258 276 1 1 1
14743940 285 1 3 0
14752156 277 1 1 1
14753064 276 1 1 0
14754947 285 1 3 1
14757483 277 1 1 0
14759165 276 1 1 1
14761414 285 1 3 0
14762414 277 1 1 1
14763862 276 1 1 0
14765826 285 1 3 1
14773234 277 1 1 0
14773958 276 1 1 1
14776982 285 1 3 0
14777953 277 1 1 1
14778378 276 1 1 0
14781510 285 1 3 1
14788002 276 1 1 1
14788381 277 1 1 0
14792325 285 1 3 0
14803042 276 1 1 0
14803064 285 1 3 1
14803510 277 1 1 1
14808441 276 1 1 1
14808892 277 1 1 0
14816563 285 1 3 0
14817784 276 1 1 0
14818018 277 1 1 1
14820541 285 1 3 1
14822715 276 1 1 1
14823651 277 1 1 0
14828284 285 1 3 0
14846354 285 1 3 1
14849362 285 1 3 0
14854208 285 1 3 1
14858731 285 1 3 0
14868579 276 1 1 0
14869236 277 1 1 1
14880096 276 1 1 1
14880798 277 1 1 0
14891830 276 1 1 0
14892494 277 1 1 1
14896727 276 1 1 1
14897178 277 1 1 0
14912120 276 1 1 0
14912431 277 1 1 1
14915013 276 1 1 1
14915253 277 1 1 0
14927309 277 1 1 1
14927591 276 1 1 0
14933878 276 1 1 1
14934505 277 1 1 0
14938981 276 1 1 0
14939236 277 1 1 1
14950039 276 1 1 1
14950075 277 1 1 0
14964328 277 1 1 1
14967370 277 1 1 0
14967679 276 1 1 0
14970572 276 1 1 1
14986801 277 1 1 1
14987220 276 1 1 0
14992602 276 1 1 1
14992642 277 1 1 0
14995684 277 1 1 1
14998492 277 1 1 0
14998960 276 1 1 0
15001836 276 1 1 1
15015166 277 1 1 1
15016398 276 1 1 0
15021675 277 1 1 0
15022377 276 1 1 1
15041799 277 1 1 1
15042250 276 1 1 0
15046947 277 1 1 0
15048819 276 1 1 1
15050006 277 1 1 1
15052580 276 1 1 0
15056090 277 1 1 0
15058196 276 1 1 1
15073364 277 1 1 1
15075613 276 1 1 0
15078320 277 1 1 0
15079490 276 1 1 1
15086608 277 1 1 1
15087446 276 1 1 0
15090505 277 1 1 0
15091087 276 1 1 1
15123666 277 1 1 1
15124218 276 1 1 0
15128915 277 1 1 0
15130319 276 1 1 1
15134080 277 1 1 1
15136437 276 1 1 0
15139007 277 1 1 0
15140649 276 1 1 1
15145457 277 1 1 1
15147201 276 1 1 0
15150494 277 1 1 0
15153085 276 1 1 1
15155374 277 1 1 1
15158952 276 1 1 0
15160607 277 1 1 0
15164191 276 1 1 1
15165746 277 1 1 1
15169750 276 1 1 0
15170920 277 1 1 0
15175322 276 1 1 1
15176553 277 1 1 1
15180848 276 1 1 0
15185245 277 1 1 0
15189336 276 1 1 1
15189942 277 1 1 1
15194873 276 1 1 0
15195341 277 1 1 0
15200118 276 1 1 1
15200506 277 1 1 1
15205437 276 1 1 0
15205802 277 1 1 0
15210836 276 1 1 1
15211070 277 1 1 1
15216469 276 1 1 0
15216703 277 1 1 0
15221285 277 1 1 1
15224506 276 1 1 1
15229373 277 1 1 0
15229505 276 1 1 0
15234746 277 1 1 1
15234772 276 1 1 1
15240171 277 1 1 0
15240405 276 1 1 0
15245604 277 1 1 1
15245821 276 1 1 1
15251220 277 1 1 0
15251766 276 1 1 0
15256640 277 1 1 1
15256965 276 1 1 1
15259912 276 1 1 0
15265075 277 1 1 0
15266498 276 1 1 1
15270259 277 1 1 1
15272474 276 1 1 0
15275380 277 1 1 0
15277839 276 1 1 1
15280115 277 1 1 1
15283865 276 1 1 0
15284800 277 1 1 0
15288094 277 1 1 1
15293259 276 1 1 1
15296173 277 1 1 0
15298675 276 1 1 0
15301951 277 1 1 1
15303606 276 1 1 1
15307814 277 1 1 0
15309005 276 1 1 0
15313234 277 1 1 1
15314404 276 1 1 1
15319123 277 1 1 0
15319808 276 1 1 0
15324249 277 1 1 1
15324922 276 1 1 1
15329648 276 1 1 0
15332456 277 1 1 0
15337068 276 1 1 1
15337638 277 1 1 1
15342324 276 1 1 0
15343043 277 1 1 0
15347348 276 1 1 1
15348378 277 1 1 1
15352431 276 1 1 0
15354069 277 1 1 0
15357596 276 1 1 1
15359183 277 1 1 1
15362866 276 1 1 0
15364182 277 1 1 0
15368197 276 1 1 1
15369347 277 1 1 1
15372857 276 1 1 0
15377813 277 1 1 0
15380379 276 1 1 1
15382544 277 1 1 1
15386263 276 1 1 0
15387718 277 1 1 0
15391981 277 1 1 1
15395861 276 1 1 1
15401056 277 1 1 0
15401290 276 1 1 0
15405987 277 1 1 1
15412799 276 1 1 1
15417561 277 1 1 0
15418423 276 1 1 0
15422909 277 1 1 1
15423503 276 1 1 1
15428368 276 1 1 0
15428585 277 1 1 0
15433684 276 1 1 1
15433935 277 1 1 1
15439100 276 1 1 0
15439334 277 1 1 0
15444265 276 1 1 1
15444733 277 1 1 1
15449897 276 1 1 0
15453408 277 1 1 0
15458385 276 1 1 1
15458590 277 1 1 1
15464223 277 1 1 0
15464227 276 1 1 0
15469622 276 1 1 1
15469788 277 1 1 1
15474851 277 1 1 0
15475021 276 1 1 0
15478999 277 1 1 1
15486083 276 1 1 1
15489580 277 1 1 0
15491232 276 1 1 0
15493392 277 1 1 1
15521510 276 1 1 1
15522743 277 1 1 0
15525364 276 1 1 0
15526287 277 1 1 1
15545059 276 1 1 1
15546336 277 1 1 0
15548991 276 1 1 0
15549756 277 1 1 1
15580021 276 1 1 1
15580780 277 1 1 0
15584073 276 1 1 0
15584775 277 1 1 1
15612974 276 1 1 1
15614144 277 1 1 0
15617910 276 1 1 0
15619777 277 1 1 1
15622836 276 1 1 1
15625326 277 1 1 0
15627048 276 1 1 0
15628653 277 1 1 1
15634902 276 1 1 1
15635323 277 1 1 0
15640437 277 1 1 1
15640905 276 1 1 0
15657696 277 1 1 0
15658192 276 1 1 1
15663044 277 1 1 1
15664156 276 1 1 0
15668368 277 1 1 0
15669287 276 1 1 1
15673550 277 1 1 1
15674647 276 1 1 0
15682242 277 1 1 0
15683178 276 1 1 1
15696491 277 1 1 1
15697291 276 1 1 0
15710485 277 1 1 0
15710658 276 1 1 1
15715840 277 1 1 1
15716246 276 1 1 0
15721173 277 1 1 0
15721239 276 1 1 1
15725232 276 1 1 0
15725234 277 1 1 1
15733441 276 1 1 1
15733909 277 1 1 0
15739325 276 1 1 0
15739508 277 1 1 1
15744958 276 1 1 1
15745055 277 1 1 0
15750842 277 1 1 1
15751033 276 1 1 0
15756241 276 1 1 1
15756343 277 1 1 0
15760938 277 1 1 1
15761189 276 1 1 0
15768694 276 1 1 1
15769179 277 1 1 0
15773928 276 1 1 0
15774327 277 1 1 1
15779025 276 1 1 1
15779506 277 1 1 0
15792179 277 1 1 1
15792413 276 1 1 0
15798514 276 1 1 1
15798580 277 1 1 0
15803443 277 1 1 1
15803541 276 1 1 0
15813541 276 1 1 1
15813697 277 1 1 0
15818428 277 1 1 1
15818472 276 1 1 0
15827896 276 1 1 1
15828334 277 1 1 0
15843225 276 1 1 0
15843468 277 1 1 1
15848760 276 1 1 1
15848837 277 1 1 0
15857976 277 1 1 1
15858189 276 1 1 0
15863103 276 1 1 1
15863319 277 1 1 0
15908731 276 1 1 0
15908868 277 1 1 1
15920193 276 1 1 1
15920619 277 1 1 0
15932119 277 1 1 1
15932119 276 1 1 0
15937016 276 1 1 1
15937518 277 1 1 0
15952545 276 1 1 0
15952796 277 1 1 1
15955689 276 1 1 1
15955861 277 1 1 0
15968057 277 1 1 1
15968291 276 1 1 0
15974416 277 1 1 0
15974643 276 1 1 1
15978885 277 1 1 1
15979340 276 1 1 0
15990265 277 1 1 0
15990372 276 1 1 1
16006993 277 1 1 1
16008224 276 1 1 0
16010041 277 1 1 0
16011500 276 1 1 1
16027162 277 1 1 1
16028165 276 1 1 0
16033113 276 1 1 1
16033123 277 1 1 0
16039214 277 1 1 1
16039733 276 1 1 0
16042507 277 1 1 0
16042741 276 1 1 1
16055960 277 1 1 1
16056347 276 1 1 0
16061997 277 1 1 0
16062465 276 1 1 1
16082197 277 1 1 1
16082525 276 1 1 0
16088937 277 1 1 0
16089009 276 1 1 1
16092017 277 1 1 1
16092302 276 1 1 0
16097808 277 1 1 0
16097918 276 1 1 1
16115061 276 1 1 0
16115068 277 1 1 1
16118839 276 1 1 1
16119188 277 1 1 0
16127208 277 1 1 1
16127253 276 1 1 0
16130780 277 1 1 0
16131048 276 1 1 1
16164042 277 1 1 1
16164510 276 1 1 0
16170329 277 1 1 0
16170394 276 1 1 1
16175559 277 1 1 1
16176009 276 1 1 0
16180005 277 1 1 0
16180290 276 1 1 1
16186204 277 1 1 1
16186825 276 1 1 0
16192360 277 1 1 0
16192692 276 1 1 1
16198308 277 1 1 1
16198959 276 1 1 0
16203886 277 1 1 0
16204043 276 1 1 1
16209400 276 1 1 0
16209634 277 1 1 1
16214799 276 1 1 1
16215121 277 1 1 0
16218994 276 1 1 0
16219228 277 1 1 1
16226315 277 1 1 0
16226516 276 1 1 1
16231430 277 1 1 1
16232799 276 1 1 0
16236710 277 1 1 0
16238568 276 1 1 1
16242041 277 1 1 1
16244744 276 1 1 0
16246806 277 1 1 0
16250645 276 1 1 1
16251720 277 1 1 1
16256366 276 1 1 0
16257474 277 1 1 0
16261971 277 1 1 1
16264807 276 1 1 1
16269972 277 1 1 0
16270008 276 1 1 0
16275070 276 1 1 1
16275337 277 1 1 1
16280687 276 1 1 0
16280921 277 1 1 0
16285884 277 1 1 1
16286352 276 1 1 1
16290798 277 1 1 0
16292251 276 1 1 0
16296112 277 1 1 1
16302749 276 1 1 1
16306259 277 1 1 0
16309986 276 1 1 0
16311624 277 1 1 1
16316606 276 1 1 1
16317319 277 1 1 0
16323049 276 1 1 0
16323107 277 1 1 1
16332957 277 1 1 0
16333050 276 1 1 1
16340109 277 1 1 1
16340521 276 1 1 0
16346154 277 1 1 0
16346170 276 1 1 1
16351201 276 1 1 0
16351685 277 1 1 1
16356718 276 1 1 1
16357864 277 1 1 0
16362055 276 1 1 0
16363538 277 1 1 1
16370341 276 1 1 1
16372683 277 1 1 0
16375589 276 1 1 0
16378080 277 1 1 1
16380979 276 1 1 1
16384130 277 1 1 0
16386442 276 1 1 0
16389512 277 1 1 1
16392092 276 1 1 1
16395577 277 1 1 0
16398689 276 1 1 0
16401314 277 1 1 1
16404556 276 1 1 1
16407116 277 1 1 0
16409758 276 1 1 0
16411410 277 1 1 1
16418630 276 1 1 1
16419800 277 1 1 0
16424845 276 1 1 0
16425884 277 1 1 1
16430010 276 1 1 1
16433589 276 1 1 0
16435843 277 1 1 0
16441111 276 1 1 1
16441345 277 1 1 1
16446131 276 1 1 0
16452862 277 1 1 0
16456706 276 1 1 1
16457993 277 1 1 1
16462490 276 1 1 0
16463716 277 1 1 0
16468842 276 1 1 1
16468898 277 1 1 1
16474508 277 1 1 0
16474742 276 1 1 0
16479795 277 1 1 1
16480107 276 1 1 1
16485332 276 1 1 0
16488021 277 1 1 0
16493186 276 1 1 1
16493310 277 1 1 1
16498560 276 1 1 0
16498709 277 1 1 0
16503657 277 1 1 1
16503725 276 1 1 1
16509273 276 1 1 0
16509299 277 1 1 0
16514352 276 1 1 1
16515157 277 1 1 1
16518804 276 1 1 0
16526186 277 1 1 0
16528997 276 1 1 1
16531337 277 1 1 1
16532992 276 1 1 0
16561745 276 1 1 1
16562191 277 1 1 0
16565709 276 1 1 0
16565884 277 1 1 1
16585523 276 1 1 1
16586204 277 1 1 0
16588927 276 1 1 0
16589463 277 1 1 1
16619785 276 1 1 1
16620272 277 1 1 0
16623914 276 1 1 0
16624084 277 1 1 1
16652666 276 1 1 1
16653349 277 1 1 0
16658748 276 1 1 0
16658765 277 1 1 1
16664581 276 1 1 1
16664836 277 1 1 0
16667891 276 1 1 0
16667942 277 1 1 1
16675090 277 1 1 0
16675179 276 1 1 1
16680344 277 1 1 1
16680812 276 1 1 0
16697900 277 1 1 0
16698213 276 1 1 1
16703144 277 1 1 1
16703612 276 1 1 0
16708554 277 1 1 0
16708777 276 1 1 1
16713959 277 1 1 1
16714149 276 1 1 0
16722705 276 1 1 1
16722918 277 1 1 0
16737052 277 1 1 1
16737193 276 1 1 0
16750574 276 1 1 1
16750582 277 1 1 0
16755913 277 1 1 1
16755981 276 1 1 0
16760895 276 1 1 1
16760912 277 1 1 0
16765192 276 1 1 0
16765375 277 1 1 1
16773480 276 1 1 1
16773741 277 1 1 0
16779191 277 1 1 1
16779232 276 1 1 0
16785082 276 1 1 1
16785099 277 1 1 0
16790932 277 1 1 1
16791215 276 1 1 0
16796165 277 1 1 0
16796582 276 1 1 1
16801062 277 1 1 1
16801513 276 1 1 0
16808770 277 1 1 0
16808801 276 1 1 1
16813918 277 1 1 1
16813966 276 1 1 0
16819131 276 1 1 1
16819599 277 1 1 0
16832231 277 1 1 1
16832286 276 1 1 0
16838362 277 1 1 0
16838519 276 1 1 1
16843101 277 1 1 1
16843340 276 1 1 0
16853347 276 1 1 1
16853648 277 1 1 0
16858345 277 1 1 1
16858376 276 1 1 0
16867562 277 1 1 0
16867956 276 1 1 1
16882866 277 1 1 1
16883468 276 1 1 0
16888867 276 1 1 1
16888867 277 1 1 0
16897911 276 1 1 0
16898010 277 1 1 1
16902825 276 1 1 1
16903409 277 1 1 0
16948724 276 1 1 0
16948740 277 1 1 1
16960294 277 1 1 0
16960475 276 1 1 1
16971739 277 1 1 1
16972192 276 1 1 0
16976832 277 1 1 0
16976889 276 1 1 1
16992166 277 1 1 1
16992425 276 1 1 0
16995552 276 1 1 1
16995860 277 1 1 0
17007854 277 1 1 1
17007892 276 1 1 0
17014210 277 1 1 0
17014325 276 1 1 1
17018890 277 1 1 1
17018971 276 1 1 0
17030003 277 1 1 0
17030131 276 1 1 1
17047285 277 1 1 1
17047573 276 1 1 0
17051046 276 1 1 1
17051280 277 1 1 0
17067745 277 1 1 1
17067779 276 1 1 0
17072642 276 1 1 1
17072910 277 1 1 0
17078994 277 1 1 1
17078994 276 1 1 0
17082036 276 1 1 1
17082270 277 1 1 0
17095494 276 1 1 0
17095642 277 1 1 1
17101395 276 1 1 1
17101714 277 1 1 0
17121833 276 1 1 0
17122084 277 1 1 1
17128249 276 1 1 1
17128887 277 1 1 0
17131726 276 1 1 0
17131780 277 1 1 1
17137206 276 1 1 1
17137345 277 1 1 0
17154729 277 1 1 1
17154963 276 1 1 0
17158541 276 1 1 1
17158958 277 1 1 0
17166577 276 1 1 0
17166948 277 1 1 1
17170475 276 1 1 1
17170943 277 1 1 0
17204022 277 1 1 1
17204167 276 1 1 0
17209800 276 1 1 1
17209894 277 1 1 0
17215042 277 1 1 1
17215288 276 1 1 0
17219663 277 1 1 0
17219751 276 1 1 1
17226058 276 1 1 0
17226103 277 1 1 1
17231908 276 1 1 1
17232104 277 1 1 0
17238103 276 1 1 0
17238305 277 1 1 1
17243251 276 1 1 1
17243704 277 1 1 0
17248961 276 1 1 0
17249103 277 1 1 1
17254458 277 1 1 0
17254468 276 1 1 1
17258714 277 1 1 1
17258948 276 1 1 0
17266283 276 1 1 1
17266453 277 1 1 0
17271669 277 1 1 1
17271852 276 1 1 0
17277493 277 1 1 0
17277634 276 1 1 1
17283092 277 1 1 1
17283824 276 1 1 0
17288568 277 1 1 0
17289189 276 1 1 1
17294150 277 1 1 1
17295320 276 1 1 0
17299907 277 1 1 0
17301119 276 1 1 1
17303234 277 1 1 1
17304132 276 1 1 0
17309628 276 1 1 1
17309858 277 1 1 0
17315657 277 1 1 1
17315678 276 1 1 0
17321562 276 1 1 1
17321733 277 1 1 0
17328148 277 1 1 1
17328362 276 1 1 0
17333547 277 1 1 0
17333561 276 1 1 1
17337127 276 1 1 0
17337308 277 1 1 1
17344547 276 1 1 1
17344926 277 1 1 0
17350104 276 1 1 0
17350463 277 1 1 1
17356856 276 1 1 1
17357266 277 1 1 0
17362848 277 1 1 1
17363081 276 1 1 0
17372692 277 1 1 0
17372978 276 1 1 1
17379781 277 1 1 1
17380324 276 1 1 0
17385580 277 1 1 0
17385723 276 1 1 1
17391328 277 1 1 1
17391698 276 1 1 0
17397080 276 1 1 1
17397097 277 1 1 0
17402695 276 1 1 0
17402730 277 1 1 1
17411149 276 1 1 1
17411286 277 1 1 0
17416668 277 1 1 1
17416885 276 1 1 0
17422780 277 1 1 0
17423003 276 1 1 1
17427717 277 1 1 1
17428636 276 1 1 0
17432914 277 1 1 0
17433584 276 1 1 1
17439244 276 1 1 0
17439298 277 1 1 1
17445209 276 1 1 1
17445348 277 1 1 0
17449927 276 1 1 0
17450045 277 1 1 1
17458998 276 1 1 1
17459232 277 1 1 0
17465231 277 1 1 1
17465346 276 1 1 0
17475151 276 1 1 1
17475202 277 1 1 0
17480099 277 1 1 1
17481269 276 1 1 0
17491914 277 1 1 0
17493446 276 1 1 1
17497496 277 1 1 1
17499185 276 1 1 0
17502946 277 1 1 0
17505052 276 1 1 1
17507826 277 1 1 1
17510957 276 1 1 0
17513140 277 1 1 0
17516288 276 1 1 1
17518756 277 1 1 1
17520343 276 1 1 0
17527682 276 1 1 1
17527810 277 1 1 0
17533315 277 1 1 1
17533422 276 1 1 0
17538714 277 1 1 0
17538948 276 1 1 1
17543645 277 1 1 1
17544581 276 1 1 0
17549044 277 1 1 0
17549980 276 1 1 1
17554860 277 1 1 1
17555333 276 1 1 0
17567180 277 1 1 0
17567411 276 1 1 1
17572345 277 1 1 1
17572993 276 1 1 0
17601704 276 1 1 1
17601843 277 1 1 0
17605604 276 1 1 0
17605655 277 1 1 1
17625728 276 1 1 1
17625856 277 1 1 0
17629047 276 1 1 0
17629255 277 1 1 1
17659875 276 1 1 1
17660075 277 1 1 0
17663870 277 1 1 1
17664104 276 1 1 0
17692605 277 1 1 0
17692930 276 1 1 1
17698196 277 1 1 1
17698366 276 1 1 0
17703931 276 1 1 1
17704110 277 1 1 0
17707339 276 1 1 0
17707488 277 1 1 1
17714691 276 1 1 1
17714784 277 1 1 0
17719941 277 1 1 1
17719953 276 1 1 0
17737508 276 1 1 1
17737623 277 1 1 0
17742605 277 1 1 1
17743158 276 1 1 0
17748009 277 1 1 0
17748255 276 1 1 1
17753722 277 1 1 1
17754190 276 1 1 0
17762424 277 1 1 0
17762678 276 1 1 1
17776341 277 1 1 1
17776956 276 1 1 0
17789816 277 1 1 0
17790345 276 1 1 1
17795232 277 1 1 1
17795611 276 1 1 0
17800207 276 1 1 1
17800355 277 1 1 0
17804801 277 1 1 1
17804904 276 1 1 0
17813017 277 1 1 0
17813111 276 1 1 1
17818510 277 1 1 1
17818744 276 1 1 0
17824777 277 1 1 0
17824845 276 1 1 1
17830478 277 1 1 1
17830840 276 1 1 0
17836001 277 1 1 0
17836111 276 1 1 1
17840698 277 1 1 1
17841276 276 1 1 0
17848293 277 1 1 0
17848330 276 1 1 1
17853475 277 1 1 1
17853963 276 1 1 0
17858843 276 1 1 1
17858894 277 1 1 0
17871575 276 1 1 0
17871798 277 1 1 1
17877916 276 1 1 1
17878150 277 1 1 0
17882965 276 1 1 0
17883081 277 1 1 1
17892943 276 1 1 1
17893411 277 1 1 0
17897874 276 1 1 0
17898108 277 1 1 1
17907179 276 1 1 1
17907736 277 1 1 0
17922951 276 1 1 0
17922997 277 1 1 1
17928265 276 1 1 1
17928630 277 1 1 0
17937651 276 1 1 0
17937773 277 1 1 1
17942470 276 1 1 1
17942704 277 1 1 0
17988059 277 1 1 1
17988500 276 1 1 0
17999763 277 1 1 0
18000094 276 1 1 1
18011472 277 1 1 1
18011751 276 1 1 0
18016231 277 1 1 0
18016699 276 1 1 1
18031816 277 1 1 1
18032142 276 1 1 0
18035252 276 1 1 1
18035504 277 1 1 0
18047298 277 1 1 1
18047489 276 1 1 0
18053535 277 1 1 0
18053722 276 1 1 1
18058287 277 1 1 1
18058521 276 1 1 0
18069553 276 1 1 1
18069787 277 1 1 0
18087214 276 1 1 0
18087227 277 1 1 1
18090737 277 1 1 0
18090741 276 1 1 1
18107228 277 1 1 1
18107372 276 1 1 0
18112303 277 1 1 0
18112320 276 1 1 1
18118336 277 1 1 1
18118520 276 1 1 0
18121455 277 1 1 0
18121697 276 1 1 1
18134777 277 1 1 1
18135087 276 1 1 0
18141102 276 1 1 1
18141319 277 1 1 0
18161792 277 1 1 1
18162026 276 1 1 0
18168395 276 1 1 1
18171203 276 1 1 0
18173994 277 1 1 0
18177036 276 1 1 1
18194437 277 1 1 1
18194689 276 1 1 0
18198297 277 1 1 0
18198432 276 1 1 1
18206138 277 1 1 1
18206656 276 1 1 0
18210589 277 1 1 0
18210651 276 1 1 1
18243411 277 1 1 1
18243879 276 1 1 0
18249361 277 1 1 0
18249512 276 1 1 1
18254310 277 1 1 1
18254877 276 1 1 0
18258872 277 1 1 0
18259340 276 1 1 1
18265471 277 1 1 1
18265530 276 1 1 0
18271078 276 1 1 1
18271580 277 1 1 0
18277447 277 1 1 1
18277626 276 1 1 0
18282553 277 1 1 0
18282774 276 1 1 1
18287986 277 1 1 1
18288488 276 1 1 0
18293853 276 1 1 1
18293866 277 1 1 0
18298299 277 1 1 1
18298533 276 1 1 0
18305821 276 1 1 1
18306055 277 1 1 0
18310986 277 1 1 1
18311020 276 1 1 0
18316636 276 1 1 1
18316836 277 1 1 0
18322720 277 1 1 1
18322720 276 1 1 0
18328119 276 1 1 1
18328353 277 1 1 0
18333967 276 1 1 0
18334003 277 1 1 1
18339870 276 1 1 1
18339962 277 1 1 0
18343323 277 1 1 1
18343736 276 1 1 0
18349047 277 1 1 0
18349281 276 1 1 1
18354897 277 1 1 1
18355382 276 1 1 0
18360798 277 1 1 0
18360981 276 1 1 1
18367350 276 1 1 0
18367482 277 1 1 1
18372745 277 1 1 0
18372766 276 1 1 1
18376540 277 1 1 1
18376795 276 1 1 0
18383964 276 1 1 1
18384037 277 1 1 0
18389636 277 1 1 1
18389665 276 1 1 0
18396468 276 1 1 1
18396936 277 1 1 0
18402169 277 1 1 1
18402335 276 1 1 0
18412029 277 1 1 0
18412197 276 1 1 1
18419222 277 1 1 1
18419485 276 1 1 0
18424867 276 1 1 1
18425118 277 1 1 0
18430967 276 1 1 0
18431002 277 1 1 1
18436085 276 1 1 1
18436562 277 1 1 0
18441940 276 1 1 0
18442268 277 1 1 1
18450502 276 1 1 1
18450892 277 1 1 0
18455891 277 1 1 1
18456053 276 1 1 0
18462090 276 1 1 1
18462226 277 1 1 0
18467137 277 1 1 1
18467391 276 1 1 0
18472322 276 1 1 1
18472322 277 1 1 0
18478640 277 1 1 1
18478888 276 1 1 0
18484524 276 1 1 1
18484992 277 1 1 0
18489489 277 1 1 1
18489672 276 1 1 0
18498615 277 1 1 0
18498849 276 1 1 1
18504767 277 1 1 1
18504974 276 1 1 0
18514811 277 1 1 0
18514829 276 1 1 1
18519622 277 1 1 1
18520087 276 1 1 0
18532150 276 1 1 1
18532311 277 1 1 0
18537744 277 1 1 1
18537889 276 1 1 0
18543952 277 1 1 0
18543964 276 1 1 1
18549129 277 1 1 1
18549947 276 1 1 0
18554294 277 1 1 0
18555078 276 1 1 1
18559659 277 1 1 1
18559950 276 1 1 0
18567332 277 1 1 0
18567449 276 1 1 1
18572697 277 1 1 1
18573076 276 1 1 0
18578526 276 1 1 1
18578803 277 1 1 0
18583913 276 1 1 0
18583914 277 1 1 1
18589079 276 1 1 1
18589274 277 1 1 0
18594946 277 1 1 1
18594997 276 1 1 0
18607249 276 1 1 1
18607399 277 1 1 0
18612232 277 1 1 1
18612688 276 1 1 0
18641163 276 1 1 1
18641465 277 1 1 0
18645311 277 1 1 1
18645494 276 1 1 0
18665435 277 1 1 0
18665487 276 1 1 1
18668945 276 1 1 0
18668979 277 1 1 1
18699694 276 1 1 1
18699937 277 1 1 0
18703530 276 1 1 0
18703581 277 1 1 1
18732665 276 1 1 1
18732801 277 1 1 0
18738379 276 1 1 0
18738532 277 1 1 1
18743931 276 1 1 1
18744042 277 1 1 0
18747224 277 1 1 1
18747692 276 1 1 0
18754963 276 1 1 1
18755197 277 1 1 0
18760379 276 1 1 0
18760396 277 1 1 1
18777980 276 1 1 1
18777982 277 1 1 0
18782858 276 1 1 0
18782911 277 1 1 1
18788019 277 1 1 0
18788076 276 1 1 1
18793869 277 1 1 1
18794411 276 1 1 0
18802566 277 1 1 0
18802848 276 1 1 1
18816492 277 1 1 1
18816960 276 1 1 0
18830209 276 1 1 1
18830507 277 1 1 0
18835514 276 1 1 0
18835748 277 1 1 1
18840211 276 1 1 1
18840679 277 1 1 0
18844674 276 1 1 0
18844925 277 1 1 1
18853064 276 1 1 1
18853366 277 1 1 0
18858765 276 1 1 0
18858982 277 1 1 1
18864964 276 1 1 1
18865141 277 1 1 0
18870977 277 1 1 1
18871001 276 1 1 0
18876463 277 1 1 0
18876634 276 1 1 1
18881228 277 1 1 1
18881522 276 1 1 0
18888402 277 1 1 0
18888542 276 1 1 1
18893550 277 1 1 1
18893763 276 1 1 0
18898966 276 1 1 1
18898975 277 1 1 0
18911555 277 1 1 1
18912016 276 1 1 0
18918062 277 1 1 0
18918239 276 1 1 1
18923176 277 1 1 1
18923621 276 1 1 0
18933226 277 1 1 0
18933734 276 1 1 1
18937957 277 1 1 1
18938421 276 1 1 0
18947488 277 1 1 0
18947608 276 1 1 1
18963086 277 1 1 1
18963086 276 1 1 0
18968502 276 1 1 1
18968613 277 1 1 0
18977896 277 1 1 1
18977918 276 1 1 0
18982866 276 1 1 1
18983130 277 1 1 0
19028160 277 1 1 1
19028342 276 1 1 0
19039859 277 1 1 0
19039875 276 1 1 1
19051525 276 1 1 0
19051610 277 1 1 1
19056541 276 1 1 1
19056818 277 1 1 0
19072355 277 1 1 1
19072755 276 1 1 0
19075814 277 1 1 0
19076048 276 1 1 1
19087527 277 1 1 1
19087799 276 1 1 0
19093639 277 1 1 0
19094151 276 1 1 1
19098380 277 1 1 1
19099082 276 1 1 0
19109880 277 1 1 0
19109956 276 1 1 1
19127656 277 1 1 1
19127966 276 1 1 0
19131259 277 1 1 0
19131493 276 1 1 1
19147690 277 1 1 1
19147870 276 1 1 0
19152621 276 1 1 1
19152814 277 1 1 0
19158373 277 1 1 1
19158843 276 1 1 0
19161781 277 1 1 0
19162015 276 1 1 1
19175366 277 1 1 1
19175649 276 1 1 0
19181399 276 1 1 1
19181546 277 1 1 0
19202037 276 1 1 0
19202292 277 1 1 1
19213955 276 1 1 1
19214299 277 1 1 0
19234564 277 1 1 1
19234652 276 1 1 0
19238691 276 1 1 1
19238715 277 1 1 0
19246581 277 1 1 1
19246915 276 1 1 0
19250910 277 1 1 0
19250961 276 1 1 1
19283609 276 1 1 0
19284015 277 1 1 1
19289334 276 1 1 1
19289622 277 1 1 0
19294501 277 1 1 1
19294744 276 1 1 0
19298987 276 1 1 1
19299221 277 1 1 0
19305785 276 1 1 0
19305881 277 1 1 1
19311311 276 1 1 1
19311674 277 1 1 0
19317256 276 1 1 0
19317490 277 1 1 1
19322604 276 1 1 1
19322898 277 1 1 0
19328305 276 1 1 0
19328467 277 1 1 1
19333938 276 1 1 1
19334100 277 1 1 0
19338563 277 1 1 1
19338797 276 1 1 0
19346051 276 1 1 1
19346132 277 1 1 0
19350778 277 1 1 1
19351127 276 1 1 0
19356537 276 1 1 1
19356849 277 1 1 0
19362716 276 1 1 0
19362950 277 1 1 1
19368132 276 1 1 1
19368349 277 1 1 0
19373728 276 1 1 0
19373803 277 1 1 1
19379863 277 1 1 0
19379866 276 1 1 1
19383407 277 1 1 1
19383576 276 1 1 0
19388864 276 1 1 1
19389083 277 1 1 0
19394842 276 1 1 0
19395076 277 1 1 1
19400349 276 1 1 1
19400943 277 1 1 0
19407139 276 1 1 0
19407295 277 1 1 1
19412609 276 1 1 1
19412843 277 1 1 0
19416604 276 1 1 0
19416838 277 1 1 1
19423624 276 1 1 1
19424109 277 1 1 0
19429474 276 1 1 0
19429708 277 1 1 1
19436613 276 1 1 1
19436745 277 1 1 0
19441693 277 1 1 1
19441831 276 1 1 0
19451764 277 1 1 0
19451913 276 1 1 1
19459184 276 1 1 0
19459201 277 1 1 1
19464566 276 1 1 1
19464880 277 1 1 0
19470799 277 1 1 1
19470805 276 1 1 0
19475947 276 1 1 1
19476071 277 1 1 0
19481653 277 1 1 1
19481946 276 1 1 0
19490285 276 1 1 1
19490383 277 1 1 0
19495228 276 1 1 0
19495297 277 1 1 1
19501509 276 1 1 1
19501726 277 1 1 0
19506491 277 1 1 1
19506671 276 1 1 0
19511527 277 1 1 0
19511733 276 1 1 1
19518230 277 1 1 1
19518345 276 1 1 0
19523693 276 1 1 1
19523876 277 1 1 0
19528105 277 1 1 1
19528322 276 1 1 0
19537327 277 1 1 0
19537729 276 1 1 1
19543490 277 1 1 1
19543839 276 1 1 0
19553187 277 1 1 0
19558739 277 1 1 1
19571111 277 1 1 0
19576666 277 1 1 1
19582500 277 1 1 0
19587886 277 1 1 1
19592886 277 1 1 0
19598302 277 1 1 1
19605799 277 1 1 0
19611199 277 1 1 1
19617639 277 1 1 0
19622204 277 1 1 1
19627898 277 1 1 0
19630627 276 1 1 1
19633134 277 1 1 1
19633602 276 1 1 0
19646047 276 1 1 1
19646187 277 1 1 0
19650917 276 1 1 0
19650977 277 1 1 1
19678720 277 1 1 0
19684688 277 1 1 1
19702658 277 1 1 0
19706921 277 1 1 1
19737223 277 1 1 0
19743667 277 1 1 1
19769904 277 1 1 0
19778814 277 1 1 1
19782140 277 1 1 0
19785423 277 1 1 1
19793105 277 1 1 0
19797766 277 1 1 1
19815820 277 1 1 0
19820968 277 1 1 1
19826133 277 1 1 0
19832468 277 1 1 1
19840675 277 1 1 0
19855379 277 1 1 1
19867566 277 1 1 0
19872965 277 1 1 1
19878145 277 1 1 0
19882859 277 1 1 1
19890626 277 1 1 0
19897099 277 1 1 1
19902653 277 1 1 0
19908886 277 1 1 1
19914396 277 1 1 0
19919578 277 1 1 1
19926132 277 1 1 0
19932233 277 1 1 1
19936930 277 1 1 0
19949766 277 1 1 1
19956636 277 1 1 0
19961500 277 1 1 1
19970894 277 1 1 0
19976527 277 1 1 1
19984751 277 1 1 0
20001165 277 1 1 1
20006378 277 1 1 0
20016002 277 1 1 1
20021055 277 1 1 0
20065325 277 1 1 1
20076920 277 1 1 0
20089216 277 1 1 1
20094395 277 1 1 0
20110524 277 1 1 1
20113454 277 1 1 0
20125534 277 1 1 1
20132120 277 1 1 0
20136332 277 1 1 1
20146826 277 1 1 0
20165765 277 1 1 1
20169024 277 1 1 0
20185702 277 1 1 1
20190620 277 1 1 0
20196819 277 1 1 1
20199742 277 1 1 0
20213331 277 1 1 1
20218650 277 1 1 0
20239830 277 1 1 1
20251076 277 1 1 0
20272571 277 1 1 1
20276095 277 1 1 0
20283881 277 1 1 1
20288606 277 1 1 0
20319972 277 1 1 1
20327365 277 1 1 0
20332336 277 1 1 1
20336543 277 1 1 0
20343095 277 1 1 1
20348366 277 1 1 0
20354369 277 1 1 1
20360458 277 1 1 0
20365360 277 1 1 1
20371786 277 1 1 0
20375866 277 1 1 1
20384146 277 1 1 0
20388141 277 1 1 1
20394372 277 1 1 0
20400405 277 1 1 1
20405604 277 1 1 0
20411369 277 1 1 1
20417113 277 1 1 0
20421316 277 1 1 1
20426060 277 1 1 0
20432497 277 1 1 1
20437641 277 1 1 0
20444878 277 1 1 1
20449992 277 1 1 0
20454523 277 1 1 1
20461047 277 1 1 0
20466144 277 1 1 1
20473707 277 1 1 0
20479272 277 1 1 1
20488998 277 1 1 0
20496035 277 1 1 1
20502855 277 1 1 0
20508169 277 1 1 1
20513551 277 1 1 0
20519469 277 1 1 1
20527174 277 1 1 0
20533007 277 1 1 1
20538730 277 1 1 0
20544469 277 1 1 1
20549238 277 1 1 0
20556484 277 1 1 1
20561415 277 1 1 0
20566227 277 1 1 1
20574885 277 1 1 0
20582271 277 1 1 1
20588053 277 1 1 0
20593035 277 1 1 1
20603080 277 1 1 0
20614861 277 1 1 1
20621083 277 1 1 0
20627765 277 1 1 1
20634112 277 1 1 0
20640180 277 1 1 1
20650084 277 1 1 0
20655849 277 1 1 1
20664843 277 1 1 0
20670876 277 1 1 1
20683806 277 1 1 0
20688784 277 1 1 1
20699982 277 1 1 0
20707100 277 1 1 1
20717596 277 1 1 0
20722961 277 1 1 1
20729964 277 1 1 0
20743732 277 1 1 1
20749297 277 1 1 0
20753309 277 1 1 1
20762699 277 1 1 0
20768817 277 1 1 1
20783490 277 1 1 0
20811188 277 1 1 1
20822500 277 1 1 0
20828653 277 1 1 1
20833099 277 1 1 0
20850037 277 1 1 1
20853158 277 1 1 0
20868850 277 1 1 1
20874265 277 1 1 0
20879950 277 1 1 1
20887229 277 1 1 0
20918492 277 1 1 1
20921300 277 1 1 0
20927384 277 1 1 1
20933953 277 1 1 0
20962200 277 1 1 1
20964875 277 1 1 0
20981740 277 1 1 1
20987543 277 1 1 0
21028609 277 1 1 1
21038360 277 1 1 0
21090990 277 1 1 1
21093609 277 1 1 0
21140426 277 1 1 1
21143719 277 1 1 0
21150271 277 1 1 1
21156186 277 1 1 0
21159899 277 1 1 1
21165759 277 1 1 0
21172101 277 1 1 1
21177770 277 1 1 0
21182057 277 1 1 1
21188458 277 1 1 0
21204695 277 1 1 1
21212888 277 1 1 0
21224602 277 1 1 1
21230218 277 1 1 0
21235800 277 1 1 1
21240977 277 1 1 0
21244126 277 1 1 1
21251699 277 1 1 0
21257349 277 1 1 1
21267526 277 1 1 0
21273125 277 1 1 1
21284290 277 1 1 0
21289412 277 1 1 1
21294514 277 1 1 0
21319742 277 1 1 1
21322640 277 1 1 0
21330723 277 1 1 1
21340467 277 1 1 0
21347436 277 1 1 1
21358494 277 1 1 0
21366393 277 1 1 1
21371609 277 1 1 0
21375153 277 1 1 1
21383227 277 1 1 0
21388775 277 1 1 1
21391800 277 1 1 0
21413978 277 1 1 1
21417005 277 1 1 0
21426837 277 1 1 1
21431513 277 1 1 0
21436210 277 1 1 1
21442293 277 1 1 0
21477811 277 1 1 1
21480800 277 1 1 0
21487067 277 1 1 1
21498186 277 1 1 0
21512009 277 1 1 1
21515177 277 1 1 0
21520884 277 1 1 1
21531916 277 1 1 0
21538068 277 1 1 1
21543182 277 1 1 0
21556214 277 1 1 1
21559008 277 1 1 0
21591771 277 1 1 1
21594811 277 1 1 0
21600010 277 1 1 1
21608952 277 1 1 0
21614321 277 1 1 1
21619189 277 1 1 0
21625099 277 1 1 1
21630030 277 1 1 0
21636097 277 1 1 1
21643904 277 1 1 0
21650001 277 1 1 1
21654929 277 1 1 0
21660569 277 1 1 1
21665483 277 1 1 0
21670916 277 1 1 1
21675596 277 1 1 0
21694065 277 1 1 1
21697454 277 1 1 0
21704772 277 1 1 1
21709594 277 1 1 0
