10892369 277 1 1 1
10897115 277 1 1 0
10902987 277 1 1 1
10908237 277 1 1 0
10914242 277 1 1 1
10920153 277 1 1 0
10924909 277 1 1 1
10931369 277 1 1 0
10937374 277 1 1 1
10942713 277 1 1 0
10948940 277 1 1 1
10953797 277 1 1 0
10959385 277 1 1 1
10965168 277 1 1 0
10969926 277 1 1 1
10976436 277 1 1 0
10981618 277 1 1 1
10988050 277 1 1 0
10993918 277 1 1 1
10999121 277 1 1 0
11004317 277 1 1 1
11009414 277 1 1 0
11014984 277 1 1 1
11019619 277 1 1 0
11025502 277 1 1 1
11030723 277 1 1 0
11035762 277 1 1 1
11041460 277 1 1 0
11047321 277 1 1 1
11052285 277 1 1 0
11057768 277 1 1 1
11062580 277 1 1 0
11068141 277 1 1 1
11073036 277 1 1 0
11079263 277 1 1 1
11083918 277 1 1 0
11089486 277 1 1 1
11095269 277 1 1 0
11101496 277 1 1 1
11106391 277 1 1 0
11112396 277 1 1 1
11117957 277 1 1 0
11123962 277 1 1 1
11128620 277 1 1 0
11134380 277 1 1 1
11140634 277 1 1 0
11145307 277 1 1 1
11151481 277 1 1 0
11156687 277 1 1 1
11161979 277 1 1 0
11168206 277 1 1 1
11173344 277 1 1 0
11179328 277 1 1 1
11184070 277 1 1 0
11190006 277 1 1 1
11194901 277 1 1 0
11200784 277 1 1 1
11206900 277 1 1 0
11212228 277 1 1 1
11217173 277 1 1 0
11223089 277 1 1 1
11227924 277 1 1 0
11256773 277 1 1 1
11261696 277 1 1 0
11267546 277 1 1 1
11272357 277 1 1 0
11278251 277 1 1 1
11283624 277 1 1 0
11289629 277 1 1 1
11294524 277 1 1 0
11300651 277 1 1 1
11305270 277 1 1 0
11316527 277 1 1 1
11319388 277 1 1 0
11347107 277 1 1 1
11349997 277 1 1 0
11390841 277 1 1 1
11393738 277 1 1 0
11399199 277 1 1 1
11402870 277 1 1 0
11417914 277 1 1 1
11420833 277 1 1 0
11469110 277 1 1 1
11473855 277 1 1 0
11479516 277 1 1 1
11483226 277 1 1 0
11491229 277 1 1 1
11495861 277 1 1 0
11500564 277 1 1 1
11505882 277 1 1 0
11511431 277 1 1 1
11516326 277 1 1 0
11521987 277 1 1 1
11525921 277 1 1 0
11550979 277 1 1 1
11555864 277 1 1 0
11561758 277 1 1 1
11566588 277 1 1 0
11572547 277 1 1 1
11577347 277 1 1 0
11582986 277 1 1 1
11588183 277 1 1 0
11633359 277 1 1 1
11638536 277 1 1 0
11643209 277 1 1 1
11648876 277 1 1 0
11653665 277 1 1 1
11658558 277 1 1 0
11725796 277 1 1 1
11735296 277 1 1 0
11741149 277 1 1 1
11747760 277 1 1 0
11764282 277 1 1 1
11770982 277 1 1 0
11777187 277 1 1 1
11787485 277 1 1 0
11793790 277 1 1 1
11802462 277 1 1 0
11812718 277 1 1 1
11816714 277 1 1 0
11832920 277 1 1 1
11838026 277 1 1 0
11847551 277 1 1 1
11850533 277 1 1 0
11874645 277 1 1 1
11880323 277 1 1 0
11901973 277 1 1 1
11914605 277 1 1 0
11919722 277 1 1 1
11931921 277 1 1 0
11948229 277 1 1 1
11951343 277 1 1 0
11961838 277 1 1 1
11970571 277 1 1 0
11987210 277 1 1 1
11990215 277 1 1 0
12008089 277 1 1 1
12011197 277 1 1 0
12026060 277 1 1 1
12029168 277 1 1 0
12042699 277 1 1 1
12048704 277 1 1 0
12052510 277 1 1 1
12059105 277 1 1 0
12065098 277 1 1 1
12070297 277 1 1 0
12085484 277 1 1 1
12090479 277 1 1 0
12096711 277 1 1 1
12100496 277 1 1 0
12129706 277 1 1 1
12132586 277 1 1 0
12141999 277 1 1 1
12150468 277 1 1 0
12155041 277 1 1 1
12162707 277 1 1 0
12180459 277 1 1 1
12183577 277 1 1 0
12202693 277 1 1 1
12205801 277 1 1 0
12234217 277 1 1 1
12239314 277 1 1 0
12245164 277 1 1 1
12254674 277 1 1 0
12260568 277 1 1 1
12266229 277 1 1 0
12321471 277 1 1 1
12324371 277 1 1 0
12369237 277 1 1 1
12376341 277 1 1 0
12381891 277 1 1 1
12389196 277 1 1 0
12394789 277 1 1 1
12400309 277 1 1 0
12484268 277 1 1 1
12487207 277 1 1 0
13823499 277 1 1 1
13828908 277 1 1 0
13833525 277 1 1 1
13839733 277 1 1 0
13844739 277 1 1 1
13851292 277 1 1 0
13856753 277 1 1 1
13862048 277 1 1 0
13867298 277 1 1 1
13872221 277 1 1 0
13878137 277 1 1 1
13883501 277 1 1 0
13889162 277 1 1 1
13894060 277 1 1 0
13901675 277 1 1 1
13906070 277 1 1 0
13913485 277 1 1 1
13918302 277 1 1 0
13924196 277 1 1 1
13929191 277 1 1 0
13935118 277 1 1 1
13939936 277 1 1 0
13945419 277 1 1 1
13951671 277 1 1 0
13957143 277 1 1 1
13962535 277 1 1 0
13968529 277 1 1 1
13973424 277 1 1 0
13978641 277 1 1 1
13983658 277 1 1 0
13989652 277 1 1 1
13994547 277 1 1 0
14000552 277 1 1 1
14005220 277 1 1 0
14010281 277 1 1 1
14015146 277 1 1 0
14020099 277 1 1 1
14051513 277 1 1 0
14106870 277 1 1 1
14109516 277 1 1 0
14126923 277 1 1 1
14129933 277 1 1 0
14181284 277 1 1 1
14185839 277 1 1 0
14191740 277 1 1 1
14197512 277 1 1 0
14252368 277 1 1 1
14257918 277 1 1 0
14263746 277 1 1 1
14268932 277 1 1 0
14275204 277 1 1 1
14280373 277 1 1 0
14286600 277 1 1 1
14292648 277 1 1 0
14297722 277 1 1 1
14302963 277 1 1 0
14307580 277 1 1 1
14313961 277 1 1 0
14318811 277 1 1 1
14324971 277 1 1 0
14329745 277 1 1 1
14335750 277 1 1 0
14340778 277 1 1 1
14347538 277 1 1 0
14352433 277 1 1 1
14358660 277 1 1 0
14363666 277 1 1 1
14370060 277 1 1 0
14374655 277 1 1 1
14381104 277 1 1 0
14385777 277 1 1 1
14391510 277 1 1 0
14396338 277 1 1 1
14403115 277 1 1 0
14408209 277 1 1 1
14414448 277 1 1 0
14419343 277 1 1 1
14424682 277 1 1 0
14432752 277 1 1 1
14438901 277 1 1 0
14444639 277 1 1 1
14447908 277 1 1 0
14467539 277 1 1 1
14470508 277 1 1 0
14487752 277 1 1 1
14492425 277 1 1 0
14500517 277 1 1 1
14506422 277 1 1 0
14511028 277 1 1 1
14515437 277 1 1 0
14534627 277 1 1 1
14537968 277 1 1 0
14557962 277 1 1 1
14561067 277 1 1 0
14565962 277 1 1 1
14572721 277 1 1 0
14577411 277 1 1 1
14583533 277 1 1 0
14588195 277 1 1 1
14594338 277 1 1 0
14599006 277 1 1 1
14605174 277 1 1 0
14609773 277 1 1 1
14615756 277 1 1 0
14620214 277 1 1 1
14625980 277 1 1 0
14630597 277 1 1 1
14636879 277 1 1 0
14641774 277 1 1 1
14648001 277 1 1 0
14652674 277 1 1 1
14657791 277 1 1 0
14667422 277 1 1 1
14675562 277 1 1 0
14679779 277 1 1 1
14691530 277 1 1 0
14695947 277 1 1 1
14704899 277 1 1 0
14711337 277 1 1 1
14715697 277 1 1 0
14725978 277 1 1 1
14731317 277 1 1 0
14738643 277 1 1 1
14741973 277 1 1 0
14743028 276 1 1 1
14767492 277 1 1 1
14768076 276 1 1 0
14778024 277 1 1 0
14778603 276 1 1 1
14791923 277 1 1 1
14792786 276 1 1 0
14796072 277 1 1 0
14796585 276 1 1 1
14818611 277 1 1 1
14821438 277 1 1 0
14822770 276 1 1 0
14826644 277 1 1 1
14843871 276 1 1 1
14845425 277 1 1 0
14902934 276 1 1 0
14903600 277 1 1 1
14907951 276 1 1 1
14909161 277 1 1 0
14913215 276 1 1 0
14915776 277 1 1 1
14916487 276 1 1 1
14918587 277 1 1 0
14947123 277 1 1 1
14947356 276 1 1 0
14952462 277 1 1 0
14952684 276 1 1 1
14989092 277 1 1 1
14989341 276 1 1 0
14997983 276 1 1 1
14998427 277 1 1 0
15004654 276 1 1 0
15005320 277 1 1 1
15007728 276 1 1 1
15008270 277 1 1 0
15041942 277 1 1 1
15042605 276 1 1 0
15045524 277 1 1 0
15045968 276 1 1 1
15058401 277 1 1 1
15058844 276 1 1 0
15062348 276 1 1 1
15062407 277 1 1 0
15081934 276 1 1 0
15082023 277 1 1 1
15091277 276 1 1 1
15091482 277 1 1 0
15096606 277 1 1 1
15096828 276 1 1 0
15102533 276 1 1 1
15102822 277 1 1 0
15107325 276 1 1 0
15107495 277 1 1 1
15117960 276 1 1 1
15118594 277 1 1 0
15123279 276 1 1 0
15123444 277 1 1 1
15134390 276 1 1 1
15134612 277 1 1 0
15139112 276 1 1 0
15139285 277 1 1 1
15149963 276 1 1 1
15150185 277 1 1 0
15155202 277 1 1 1
15155291 276 1 1 0
15166846 276 1 1 1
15167068 277 1 1 0
15171741 276 1 1 0
15171863 277 1 1 1
15182419 276 1 1 1
15183085 277 1 1 0
15187799 276 1 1 0
15188202 277 1 1 1
15198880 276 1 1 1
15199624 277 1 1 0
15203754 276 1 1 0
15204430 277 1 1 1
15214886 276 1 1 1
15215524 277 1 1 0
15219621 276 1 1 0
15220225 277 1 1 1
15230004 276 1 1 1
15230681 277 1 1 0
15235343 276 1 1 0
15235476 277 1 1 1
15246676 276 1 1 1
15247344 277 1 1 0
15252015 276 1 1 0
15252317 277 1 1 1
15263376 277 1 1 0
15263570 276 1 1 1
15268182 277 1 1 1
15268687 276 1 1 0
15278687 277 1 1 0
15278910 276 1 1 1
15283482 277 1 1 1
15284149 276 1 1 0
15288911 277 1 1 0
15289799 276 1 1 1
15292252 277 1 1 1
15293140 276 1 1 0
15301365 277 1 1 0
15301643 276 1 1 1
15306615 277 1 1 1
15307592 276 1 1 0
15314982 277 1 1 0
15316317 276 1 1 1
15319777 277 1 1 1
15322266 276 1 1 0
15324941 277 1 1 0
15328049 276 1 1 1
15330024 277 1 1 1
15333691 276 1 1 0
15335386 277 1 1 0
15339185 276 1 1 1
15340236 277 1 1 1
15344960 276 1 1 0
15345176 277 1 1 0
15349993 277 1 1 1
15353168 276 1 1 1
15358507 276 1 1 0
15358616 277 1 1 0
15363546 276 1 1 1
15364279 277 1 1 1
15369396 276 1 1 0
15370063 277 1 1 0
15375069 277 1 1 1
15375257 276 1 1 1
15380400 277 1 1 0
15380962 276 1 1 0
15385635 277 1 1 1
15385857 276 1 1 1
15389227 276 1 1 0
15395414 277 1 1 0
15397412 276 1 1 1
15400531 277 1 1 1
15403250 276 1 1 0
15405426 277 1 1 0
15409866 277 1 1 1
15418535 277 1 1 0
15424251 277 1 1 1
15433442 277 1 1 0
15438048 277 1 1 1
15444099 277 1 1 0
15449004 277 1 1 1
15455447 277 1 1 0
15460348 277 1 1 1
15463616 276 1 1 1
15466142 277 1 1 0
15467918 276 1 1 0
15469249 277 1 1 1
15475056 276 1 1 1
15475800 277 1 1 0
15480363 276 1 1 0
15481249 277 1 1 1
15485700 276 1 1 1
15486810 277 1 1 0
15491039 276 1 1 0
15492371 277 1 1 1
15496378 276 1 1 1
15498154 277 1 1 0
15501637 276 1 1 0
15503937 277 1 1 1
15506823 276 1 1 1
15509720 277 1 1 0
15511352 276 1 1 0
15512828 277 1 1 1
15518156 276 1 1 1
15519033 277 1 1 0
15523351 276 1 1 0
15524150 277 1 1 1
15534863 276 1 1 1
15535683 277 1 1 0
15540134 276 1 1 0
15540355 277 1 1 1
15551191 276 1 1 1
15551511 277 1 1 0
15555991 276 1 1 0
15556151 277 1 1 1
15566349 276 1 1 1
15567056 277 1 1 0
15571142 276 1 1 0
15571840 277 1 1 1
15581503 276 1 1 1
15582580 277 1 1 0
15586365 276 1 1 0
15587041 277 1 1 1
15596934 276 1 1 1
15597632 277 1 1 0
15601588 276 1 1 0
15602271 277 1 1 1
15611585 276 1 1 1
15612706 277 1 1 0
15616521 276 1 1 0
15617368 277 1 1 1
15627734 276 1 1 1
15628388 277 1 1 0
15632866 276 1 1 0
15633363 277 1 1 1
15643545 276 1 1 1
15644863 277 1 1 0
15648426 276 1 1 0
15649480 277 1 1 1
15658228 276 1 1 1
15659117 277 1 1 0
15663447 276 1 1 0
15664854 277 1 1 1
15668628 276 1 1 1
15670696 277 1 1 0
15673290 276 1 1 0
15674411 277 1 1 1
15685202 276 1 1 1
15686188 277 1 1 0
15689707 276 1 1 0
15690550 277 1 1 1
15705968 276 1 1 1
15706651 277 1 1 0
15710759 276 1 1 0
15711052 277 1 1 1
15724383 276 1 1 1
15724605 277 1 1 0
15730011 277 1 1 1
15730356 276 1 1 0
15739736 276 1 1 1
15740178 277 1 1 0
15745073 276 1 1 0
15745961 277 1 1 1
15750190 276 1 1 1
15751452 277 1 1 0
15755459 276 1 1 0
15756850 277 1 1 1
15765672 276 1 1 1
15767739 277 1 1 0
15770748 276 1 1 0
15773611 277 1 1 1
15775975 276 1 1 1
15779305 276 1 1 0
15782413 277 1 1 0
15784200 276 1 1 1
15809020 277 1 1 1
15809656 276 1 1 0
15820204 277 1 1 0
15820331 276 1 1 1
15834117 277 1 1 1
15834616 276 1 1 0
15838080 277 1 1 0
15838113 276 1 1 1
15864364 277 1 1 1
15865185 276 1 1 0
15885694 277 1 1 0
15886157 276 1 1 1
15945250 277 1 1 1
15945759 276 1 1 0
15950813 277 1 1 0
15950876 276 1 1 1
15957304 277 1 1 1
15957525 276 1 1 0
15960786 276 1 1 1
15961077 277 1 1 0
15989360 276 1 1 0
15989482 277 1 1 1
15994632 276 1 1 1
15994967 277 1 1 0
16031651 276 1 1 0
16031873 277 1 1 1
16040531 276 1 1 1
16040753 277 1 1 0
16047436 276 1 1 0
16047646 277 1 1 1
16050543 276 1 1 1
16050933 277 1 1 0
16084361 277 1 1 1
16084553 276 1 1 0
16087870 277 1 1 0
16087883 276 1 1 1
16100506 276 1 1 0
16100759 277 1 1 1
16104024 276 1 1 1
16104344 277 1 1 0
16123929 277 1 1 1
16123948 276 1 1 0
16133505 276 1 1 1
16133727 277 1 1 0
16138722 277 1 1 1
16139055 276 1 1 0
16144583 277 1 1 0
16144727 276 1 1 1
16149201 276 1 1 0
16149423 277 1 1 1
16159879 276 1 1 1
16160016 277 1 1 0
16164877 277 1 1 1
16165207 276 1 1 0
16176193 277 1 1 0
16176329 276 1 1 1
16180766 277 1 1 1
16181224 276 1 1 0
16192014 277 1 1 0
16192113 276 1 1 1
16197053 277 1 1 1
16197410 276 1 1 0
16208685 276 1 1 1
16208791 277 1 1 0
16213630 277 1 1 1
16213669 276 1 1 0
16224503 276 1 1 1
16224725 277 1 1 0
16229753 277 1 1 1
16229842 276 1 1 0
16240618 276 1 1 1
16240955 277 1 1 0
16245626 277 1 1 1
16245696 276 1 1 0
16256808 276 1 1 1
16256937 277 1 1 0
16261610 277 1 1 1
16261669 276 1 1 0
16271992 276 1 1 1
16272228 277 1 1 0
16276980 276 1 1 0
16277172 277 1 1 1
16288516 276 1 1 1
16288594 277 1 1 0
16293400 277 1 1 1
16293622 276 1 1 0
16305123 276 1 1 1
16305358 277 1 1 0
16310277 276 1 1 0
16310294 277 1 1 1
16320290 276 1 1 1
16320537 277 1 1 0
16325354 277 1 1 1
16325423 276 1 1 0
16331317 276 1 1 1
16331351 277 1 1 0
16334425 277 1 1 1
16334691 276 1 1 0
16342947 276 1 1 1
16343128 277 1 1 0
16348467 277 1 1 1
16348503 276 1 1 0
16357358 276 1 1 1
16357580 277 1 1 0
16362475 277 1 1 1
16363363 276 1 1 0
16367814 277 1 1 0
16368924 276 1 1 1
16373297 277 1 1 1
16374485 276 1 1 0
16378703 277 1 1 0
16379935 276 1 1 1
16384830 277 1 1 1
16386627 276 1 1 0
16390324 277 1 1 0
16393577 277 1 1 1
16395142 276 1 1 1
16400061 277 1 1 0
16400470 276 1 1 0
16405365 276 1 1 1
16405809 277 1 1 1
16410704 276 1 1 0
16411814 277 1 1 0
16416053 276 1 1 1
16417486 277 1 1 1
16421815 276 1 1 0
16422888 277 1 1 0
16427532 277 1 1 1
16433537 276 1 1 1
16437911 277 1 1 0
16445455 276 1 1 0
16448268 276 1 1 1
16453342 277 1 1 1
16454473 276 1 1 0
16463597 276 1 1 1
16464041 277 1 1 0
16468492 276 1 1 0
16468714 277 1 1 1
16479159 276 1 1 1
16479381 277 1 1 0
16484258 276 1 1 0
16484276 277 1 1 1
16495398 276 1 1 1
16495683 277 1 1 0
16500402 276 1 1 0
16500515 277 1 1 1
16505961 276 1 1 1
16507286 277 1 1 0
16509407 276 1 1 0
16510393 277 1 1 1
16516299 276 1 1 1
16516590 277 1 1 0
16521818 277 1 1 1
16522304 276 1 1 0
16527410 276 1 1 1
16527415 277 1 1 0
16532865 277 1 1 1
16532989 276 1 1 0
16538228 276 1 1 1
16538310 277 1 1 0
16543971 277 1 1 1
16544093 276 1 1 0
16550309 276 1 1 1
16550542 277 1 1 0
16551874 276 1 1 0
16554094 277 1 1 1
16559655 276 1 1 1
16560013 277 1 1 0
16564761 277 1 1 1
16564983 276 1 1 0
16576462 276 1 1 1
16576538 277 1 1 0
16581422 277 1 1 1
16581439 276 1 1 0
16592329 276 1 1 1
16592766 277 1 1 0
16597183 276 1 1 0
16597383 277 1 1 1
16607662 276 1 1 1
16607865 277 1 1 0
16612515 277 1 1 1
16612757 276 1 1 0
16623202 276 1 1 1
16623282 277 1 1 0
16627801 276 1 1 0
16627864 277 1 1 1
16638203 276 1 1 1
16638986 277 1 1 0
16642985 276 1 1 0
16643404 277 1 1 1
16652972 276 1 1 1
16653394 277 1 1 0
16657802 276 1 1 0
16658045 277 1 1 1
16669167 276 1 1 1
16669389 277 1 1 0
16674384 277 1 1 1
16674590 276 1 1 0
16685159 276 1 1 1
16685395 277 1 1 0
16690178 276 1 1 0
16690290 277 1 1 1
16700069 276 1 1 1
16700148 277 1 1 0
16705820 277 1 1 1
16705933 276 1 1 0
16711413 276 1 1 1
16711806 277 1 1 0
16715237 276 1 1 0
16715409 277 1 1 1
16726975 276 1 1 1
16727095 277 1 1 0
16731457 277 1 1 1
16731637 276 1 1 0
16747876 276 1 1 1
16747991 277 1 1 0
16752266 276 1 1 0
16752375 277 1 1 1
16766245 277 1 1 0
16766324 276 1 1 1
16771663 277 1 1 1
16772107 276 1 1 0
16781264 276 1 1 1
16781453 277 1 1 0
16787163 276 1 1 0
16787236 277 1 1 1
16792120 276 1 1 1
16792353 277 1 1 0
16797592 277 1 1 1
16797681 276 1 1 0
16808048 277 1 1 0
16808137 276 1 1 1
16813687 277 1 1 1
16813888 276 1 1 0
16824143 276 1 1 1
16824212 277 1 1 0
16851024 276 1 1 0
16851273 277 1 1 1
16861637 276 1 1 1
16862139 277 1 1 0
16875602 277 1 1 1
16875715 276 1 1 0
16879222 276 1 1 1
16879589 277 1 1 0
16905896 276 1 1 0
16906074 277 1 1 1
16926901 276 1 1 1
16927058 277 1 1 0
16985804 277 1 1 1
16986793 276 1 1 0
16991843 276 1 1 1
16991895 277 1 1 0
16998426 276 1 1 0
16998648 277 1 1 1
17001756 276 1 1 1
17001961 277 1 1 0
17030359 276 1 1 0
17030394 277 1 1 1
17035431 276 1 1 1
17035944 277 1 1 0
17071904 277 1 1 1
17072851 276 1 1 0
17080798 277 1 1 0
17081899 276 1 1 1
17088413 276 1 1 0
17092187 276 1 1 1
17124874 276 1 1 0
17130637 276 1 1 1
17141396 276 1 1 0
17145988 276 1 1 1
17164447 276 1 1 0
17175980 276 1 1 1
17180420 276 1 1 0
17185981 276 1 1 1
17190446 276 1 1 0
17201536 276 1 1 1
17206438 276 1 1 0
17218004 276 1 1 1
17222233 276 1 1 0
17233744 276 1 1 1
17238628 276 1 1 0
17250605 276 1 1 1
17254800 276 1 1 0
17266191 276 1 1 1
17270996 276 1 1 0
17281787 276 1 1 1
17287379 276 1 1 0
17297436 276 1 1 1
17303378 276 1 1 0
17313558 276 1 1 1
17318066 276 1 1 0
17330248 276 1 1 1
17334921 276 1 1 0
17346611 276 1 1 1
17351815 276 1 1 0
17361117 276 1 1 1
17367122 276 1 1 0
17373005 276 1 1 1
17375791 276 1 1 0
17384161 276 1 1 1
17390067 276 1 1 0
17398427 276 1 1 1
17403941 276 1 1 0
17409713 276 1 1 1
17414669 276 1 1 0
17420719 276 1 1 1
17426527 276 1 1 0
17433511 276 1 1 1
17437286 276 1 1 0
17443512 276 1 1 1
17448407 276 1 1 0
17454401 276 1 1 1
17459962 276 1 1 0
17466234 276 1 1 1
17470163 276 1 1 0
17477090 276 1 1 1
17486169 276 1 1 0
17489865 276 1 1 1
17495329 276 1 1 0
17505021 276 1 1 1
17509528 276 1 1 0
17520308 276 1 1 1
17526129 276 1 1 0
17537164 276 1 1 1
17542091 276 1 1 0
17547808 276 1 1 1
17551122 276 1 1 0
17558165 276 1 1 1
17563060 276 1 1 0
17568732 276 1 1 1
17573901 276 1 1 0
17579066 276 1 1 1
17585353 276 1 1 0
17590133 276 1 1 1
17594376 276 1 1 0
17601347 276 1 1 1
17605695 276 1 1 0
17617694 276 1 1 1
17623099 276 1 1 0
17632601 276 1 1 1
17638817 276 1 1 0
17648076 276 1 1 1
17654157 276 1 1 0
17663572 276 1 1 1
17669441 276 1 1 0
17678678 276 1 1 1
17684264 276 1 1 0
17693983 276 1 1 1
17699289 276 1 1 0
17710269 276 1 1 1
17715528 276 1 1 0
17726872 276 1 1 1
17731323 276 1 1 0
17741546 276 1 1 1
17747107 276 1 1 0
17753112 276 1 1 1
17756269 276 1 1 0
17768452 276 1 1 1
17773523 276 1 1 0
17788687 276 1 1 1
17793360 276 1 1 0
17807358 276 1 1 1
17813595 276 1 1 0
17821635 276 1 1 1
17828713 276 1 1 0
17833164 276 1 1 1
17839077 276 1 1 0
17848504 276 1 1 1
17855619 276 1 1 0
17864743 276 1 1 1
17892179 276 1 1 0
17905566 276 1 1 1
17916125 276 1 1 0
17920944 276 1 1 1
17946319 276 1 1 0
17969129 276 1 1 1
18027108 276 1 1 0
18035333 276 1 1 1
18039329 276 1 1 0
18042647 276 1 1 1
18070280 276 1 1 0
18078203 276 1 1 1
18110916 276 1 1 0
18127809 276 1 1 1
18136180 276 1 1 0
18141278 276 1 1 1
18144849 276 1 1 0
18159611 276 1 1 1
18168137 276 1 1 0
18222283 276 1 1 1
18225048 276 1 1 0
18242056 276 1 1 1
18246929 276 1 1 0
