14790228 276 1 1 1
14796826 276 1 1 0
14802002 276 1 1 1
14842443 276 1 1 0
14847025 276 1 1 1
14854895 276 1 1 0
14859246 276 1 1 1
14878514 276 1 1 0
14881391 276 1 1 1
14903561 276 1 1 0
14906421 276 1 1 1
14917496 276 1 1 0
14922529 276 1 1 1
14957349 276 1 1 0
14961832 276 1 1 1
14967702 276 1 1 0
14972322 276 1 1 1
14983650 276 1 1 0
14988232 276 1 1 1
14992956 276 1 1 0
15003738 276 1 1 1
15006948 276 1 1 0
15015127 276 1 1 1
15021129 276 1 1 0
15025760 276 1 1 1
15031491 276 1 1 0
15041611 276 1 1 1
15047122 276 1 1 0
15054111 277 1 1 1
15062022 276 1 1 1
15065173 276 1 1 0
15075964 277 1 1 0
15078830 277 1 1 1
15082823 276 1 1 1
15085864 276 1 1 0
15098864 277 1 1 0
15101506 276 1 1 1
15103886 277 1 1 1
15106861 276 1 1 0
15109206 277 1 1 0
15111949 276 1 1 1
15113546 277 1 1 1
15115597 276 1 1 0
15132757 277 1 1 0
15133637 276 1 1 1
15137988 277 1 1 1
15139808 276 1 1 0
15143548 277 1 1 0
15146304 276 1 1 1
15147723 277 1 1 1
15151004 276 1 1 0
15154392 277 1 1 0
15157643 276 1 1 1
15158325 277 1 1 1
15161181 276 1 1 0
15177734 277 1 1 0
15180761 277 1 1 1
15180932 276 1 1 1
15183949 276 1 1 0
15196612 277 1 1 0
15197052 276 1 1 1
15202030 277 1 1 1
15202783 276 1 1 0
15207414 277 1 1 0
15208294 276 1 1 1
15212634 277 1 1 1
15214025 276 1 1 0
15217985 277 1 1 0
15219525 276 1 1 1
15223056 277 1 1 1
15225001 276 1 1 0
15228576 277 1 1 0
15230547 276 1 1 1
15233488 277 1 1 1
15236496 276 1 1 0
15238454 277 1 1 0
15241738 276 1 1 1
15243549 277 1 1 1
15247309 276 1 1 0
15249223 277 1 1 0
15252727 276 1 1 1
15254340 277 1 1 1
15258419 276 1 1 0
15260071 277 1 1 0
15264042 276 1 1 1
15264961 277 1 1 1
15269980 276 1 1 0
15270202 277 1 1 0
15274795 277 1 1 1
15278793 276 1 1 1
15279803 276 1 1 0
15291837 277 1 1 0
15297075 277 1 1 1
15302366 277 1 1 0
15308378 277 1 1 1
15313793 277 1 1 0
15320208 277 1 1 1
15335850 277 1 1 0
15340250 277 1 1 1
15356321 277 1 1 0
15360903 277 1 1 1
15377274 277 1 1 0
15381643 277 1 1 1
15388109 277 1 1 0
15393967 277 1 1 1
15398836 277 1 1 0
15404419 277 1 1 1
15408932 277 1 1 0
15414478 277 1 1 1
15419769 277 1 1 0
15425940 277 1 1 1
15431671 277 1 1 0
15436522 277 1 1 1
15443043 277 1 1 0
15448010 277 1 1 1
15454131 277 1 1 0
15458775 277 1 1 1
15465166 277 1 1 0
15470237 277 1 1 1
15476419 277 1 1 0
15481039 277 1 1 1
15487439 277 1 1 0
15492281 277 1 1 1
15498672 277 1 1 0
15503523 277 1 1 1
15509956 277 1 1 0
15514545 277 1 1 1
15520549 277 1 1 0
15525153 277 1 1 1
15531287 277 1 1 0
15535847 277 1 1 1
15541988 277 1 1 0
15546559 277 1 1 1
15552440 277 1 1 0
15556835 277 1 1 1
15562470 277 1 1 0
15567202 277 1 1 1
15573206 277 1 1 0
15577564 277 1 1 1
15583515 277 1 1 0
15588086 277 1 1 1
15594086 277 1 1 0
15598937 277 1 1 1
15602908 276 1 1 1
15604888 277 1 1 0
15608076 276 1 1 0
15610619 277 1 1 1
15613076 276 1 1 1
15617010 277 1 1 0
15618350 276 1 1 0
15622521 277 1 1 1
15623350 276 1 1 1
15628472 277 1 1 0
15628692 276 1 1 0
15633752 276 1 1 1
15633923 277 1 1 1
15639043 276 1 1 0
15639107 277 1 1 0
15644043 276 1 1 1
15644114 277 1 1 1
15649394 276 1 1 0
15649447 277 1 1 0
15654625 276 1 1 1
15654685 277 1 1 1
15659875 276 1 1 0
15660513 277 1 1 0
15665487 276 1 1 1
15665568 277 1 1 1
15671207 277 1 1 0
15671427 276 1 1 0
15676498 276 1 1 1
15676614 277 1 1 1
15681778 276 1 1 0
15682009 277 1 1 0
15687047 276 1 1 1
15687229 277 1 1 1
15692171 276 1 1 0
15692987 277 1 1 0
15697200 276 1 1 1
15698405 277 1 1 1
15702621 276 1 1 0
15703569 277 1 1 0
15707841 276 1 1 1
15708360 277 1 1 1
15713480 276 1 1 0
15713700 277 1 1 0
15718931 277 1 1 1
15719222 276 1 1 1
15724282 277 1 1 0
15724953 276 1 1 0
15729304 277 1 1 1
15729964 276 1 1 1
15734928 277 1 1 0
15735137 276 1 1 0
15740368 277 1 1 1
15740595 276 1 1 1
15746016 277 1 1 0
15746095 276 1 1 0
15751203 277 1 1 1
15751898 276 1 1 1
15754884 276 1 1 0
15774904 277 1 1 0
15775504 276 1 1 1
15782489 277 1 1 1
15783033 276 1 1 0
15787915 277 1 1 0
15788104 276 1 1 1
15830850 277 1 1 1
15831970 276 1 1 0
15835921 277 1 1 0
15836581 276 1 1 1
15848434 277 1 1 1
15849141 276 1 1 0
15853167 277 1 1 0
15853492 276 1 1 1
15877105 277 1 1 1
15877314 276 1 1 0
15880185 276 1 1 1
15880271 277 1 1 0
15903967 277 1 1 1
15904187 276 1 1 0
15912096 277 1 1 0
15912135 276 1 1 1
15947063 276 1 1 0
15947483 277 1 1 1
15951579 276 1 1 1
15951839 277 1 1 0
15961706 277 1 1 1
15962377 276 1 1 0
15966557 277 1 1 0
15967217 276 1 1 1
15982650 277 1 1 1
15982868 276 1 1 0
15987285 276 1 1 1
15987345 277 1 1 0
15996624 277 1 1 1
15996752 276 1 1 0
16002016 276 1 1 1
16002483 277 1 1 0
16007312 276 1 1 0
16008181 277 1 1 1
16012708 276 1 1 1
16013371 277 1 1 0
16021258 276 1 1 0
16021693 277 1 1 1
16026698 276 1 1 1
16027574 277 1 1 0
16032423 276 1 1 0
16035289 276 1 1 1
16035725 277 1 1 1
16038363 277 1 1 0
16043940 276 1 1 0
16044096 277 1 1 1
16048500 276 1 1 1
16048835 277 1 1 0
16058983 277 1 1 1
16059078 276 1 1 0
16064056 276 1 1 1
16064809 277 1 1 0
16069429 276 1 1 0
16070309 277 1 1 1
16074500 276 1 1 1
16074940 277 1 1 0
16084901 277 1 1 1
16085146 276 1 1 0
16090582 277 1 1 0
16091022 276 1 1 1
16094762 277 1 1 1
16095202 276 1 1 0
16117450 276 1 1 1
16117840 277 1 1 0
16120698 276 1 1 0
16120915 277 1 1 1
16140350 276 1 1 1
16140872 277 1 1 0
16146033 276 1 1 0
16146092 277 1 1 1
16151533 277 1 1 0
16151550 276 1 1 1
16155493 277 1 1 1
16155933 276 1 1 0
16173781 276 1 1 1
16173786 277 1 1 0
16179193 277 1 1 1
16179286 276 1 1 0
16185950 277 1 1 0
16186117 276 1 1 1
16190240 276 1 1 0
16190286 277 1 1 1
16195797 276 1 1 1
16197128 277 1 1 0
16200008 276 1 1 0
16201072 277 1 1 1
16219858 276 1 1 1
16221119 277 1 1 0
16223141 276 1 1 0
16224166 277 1 1 1
16237157 276 1 1 1
16237474 277 1 1 0
16242701 277 1 1 1
16242888 276 1 1 0
16248386 277 1 1 0
16248388 276 1 1 1
16253595 277 1 1 1
16253710 276 1 1 0
16259095 276 1 1 1
16259309 277 1 1 0
16264309 277 1 1 1
16264721 276 1 1 0
16270183 276 1 1 1
16270190 277 1 1 0
16275861 277 1 1 1
16276361 276 1 1 0
16281410 277 1 1 0
16281850 276 1 1 1
16286597 277 1 1 1
16286974 276 1 1 0
16292403 276 1 1 1
16292432 277 1 1 0
16298062 276 1 1 0
16298163 277 1 1 1
16303282 276 1 1 1
16303793 277 1 1 0
16309361 276 1 1 0
16309871 277 1 1 1
16314872 276 1 1 1
16317501 276 1 1 0
16323296 277 1 1 0
16328232 276 1 1 1
16328472 277 1 1 1
16332197 277 1 1 0
16350697 276 1 1 0
16354120 276 1 1 1
16355869 277 1 1 1
16359442 277 1 1 0
16378507 276 1 1 0
16381582 276 1 1 1
16388147 277 1 1 1
16390308 276 1 1 0
16397673 276 1 1 1
16398538 277 1 1 0
16402826 276 1 1 0
16403351 277 1 1 1
16413971 276 1 1 1
16414629 277 1 1 0
16419326 276 1 1 0
16419702 277 1 1 1
16429969 276 1 1 1
16430711 277 1 1 0
16434904 276 1 1 0
16435271 277 1 1 1
16445932 276 1 1 1
16446353 277 1 1 0
16451083 276 1 1 0
16451386 277 1 1 1
16461803 276 1 1 1
16462822 277 1 1 0
16466725 276 1 1 0
16467420 277 1 1 1
16477320 277 1 1 0
16482958 277 1 1 1
16492709 277 1 1 0
16497676 277 1 1 1
16509220 277 1 1 0
16515149 277 1 1 1
16524684 277 1 1 0
16530582 277 1 1 1
16540436 277 1 1 0
16546004 277 1 1 1
16556586 277 1 1 0
16561355 277 1 1 1
16572952 277 1 1 0
16576870 277 1 1 1
16587419 277 1 1 0
16591363 277 1 1 1
16602841 277 1 1 0
16606785 277 1 1 1
16617722 277 1 1 0
16621820 277 1 1 1
16632869 277 1 1 0
16637000 277 1 1 1
16643585 277 1 1 0
16648563 277 1 1 1
16655430 277 1 1 0
16660041 277 1 1 1
16666872 277 1 1 0
16671272 276 1 1 1
16671861 277 1 1 1
16677210 276 1 1 0
16677223 277 1 1 0
16682294 277 1 1 1
16682441 276 1 1 1
16687572 277 1 1 0
16688025 276 1 1 0
16693045 277 1 1 1
16693212 276 1 1 1
16698365 276 1 1 0
16698957 277 1 1 0
16703750 276 1 1 1
16703968 277 1 1 1
16709220 277 1 1 0
16709440 276 1 1 0
16714407 277 1 1 1
16714887 276 1 1 1
16720088 277 1 1 0
16720387 276 1 1 0
16725238 277 1 1 1
16725772 276 1 1 1
16731044 276 1 1 0
16731275 277 1 1 0
16736264 276 1 1 1
16737580 277 1 1 1
16741980 276 1 1 0
16743430 277 1 1 0
16747211 276 1 1 1
16748591 277 1 1 1
16753002 276 1 1 0
16754322 277 1 1 0
16758684 276 1 1 1
16760053 277 1 1 1
16765111 276 1 1 0
16765344 277 1 1 0
16769964 277 1 1 1
16770738 276 1 1 1
16775728 277 1 1 0
16775935 276 1 1 0
16781146 277 1 1 1
16781206 276 1 1 1
16786528 276 1 1 0
16786937 277 1 1 0
16791568 277 1 1 1
16812296 276 1 1 1
16814754 277 1 1 0
16822102 276 1 1 0
16822372 277 1 1 1
16827322 276 1 1 1
16827657 277 1 1 0
16870750 277 1 1 1
16870757 276 1 1 0
16875377 276 1 1 1
16875540 277 1 1 0
16887756 277 1 1 1
16887917 276 1 1 0
16892290 276 1 1 1
16892568 277 1 1 0
16916235 277 1 1 1
16916572 276 1 1 0
16919443 276 1 1 1
16919529 277 1 1 0
16942932 277 1 1 1
16943456 276 1 1 0
16951448 276 1 1 1
16951596 277 1 1 0
16986959 276 1 1 0
16987071 277 1 1 1
16991519 276 1 1 1
16991911 277 1 1 0
17001602 276 1 1 0
17001619 277 1 1 1
17006429 277 1 1 0
17006453 276 1 1 1
17022352 277 1 1 1
17022546 276 1 1 0
17026946 276 1 1 1
17027010 277 1 1 0
17036197 277 1 1 1
17036417 276 1 1 0
17041582 276 1 1 1
17041697 277 1 1 0
17047360 276 1 1 0
17047428 277 1 1 1
17052712 276 1 1 1
17052871 277 1 1 0
17060881 277 1 1 1
17061321 276 1 1 0
17066687 277 1 1 0
17066832 276 1 1 1
17073491 277 1 1 1
17074519 276 1 1 0
17076642 277 1 1 0
17077396 276 1 1 1
17083556 277 1 1 1
17083992 276 1 1 0
17088612 276 1 1 1
17088832 277 1 1 0
17098620 276 1 1 0
17102462 277 1 1 1
17103587 276 1 1 1
17105275 277 1 1 0
17109274 277 1 1 1
17109521 276 1 1 0
17112502 277 1 1 0
17114543 276 1 1 1
17123821 276 1 1 0
17130339 276 1 1 1
17135019 276 1 1 0
17157340 276 1 1 1
17160506 276 1 1 0
17179703 276 1 1 1
17185520 276 1 1 0
17191312 276 1 1 1
17195123 276 1 1 0
17213257 276 1 1 1
17218676 276 1 1 0
17225986 276 1 1 1
17230136 276 1 1 0
17236265 276 1 1 1
17239915 276 1 1 0
17260487 276 1 1 1
17263488 276 1 1 0
17276782 276 1 1 1
17282485 276 1 1 0
17287525 276 1 1 1
17293562 276 1 1 0
17298679 276 1 1 1
17304190 276 1 1 0
17309586 276 1 1 1
17315078 276 1 1 0
17321090 276 1 1 1
17326003 276 1 1 0
17332152 276 1 1 1
17337452 276 1 1 0
17343174 276 1 1 1
17349200 276 1 1 0
17361027 276 1 1 1
17367198 276 1 1 0
17370498 276 1 1 1
17390991 276 1 1 0
17395391 276 1 1 1
17419116 276 1 1 0
17424072 276 1 1 1
17430028 276 1 1 0
17437943 276 1 1 1
17442480 276 1 1 0
17454212 276 1 1 1
17458993 276 1 1 0
17470213 276 1 1 1
17475064 276 1 1 0
17485784 276 1 1 1
17490893 276 1 1 0
17502141 276 1 1 1
17506654 276 1 1 0
17510352 276 1 1 1
17515828 276 1 1 0
17520472 276 1 1 1
17525827 276 1 1 0
17532583 276 1 1 1
17544043 276 1 1 0
17548394 276 1 1 1
17554132 276 1 1 0
17562734 276 1 1 1
17567354 276 1 1 0
17581676 276 1 1 1
17586844 276 1 1 0
17600409 276 1 1 1
17605029 276 1 1 0
17620451 276 1 1 1
17625522 276 1 1 0
17637870 276 1 1 1
17643395 276 1 1 0
17656817 276 1 1 1
17662942 276 1 1 0
17672470 276 1 1 1
17675330 277 1 1 1
17678529 276 1 1 0
17686845 277 1 1 0
17690778 276 1 1 1
17691416 277 1 1 1
17695832 276 1 1 0
17703094 277 1 1 0
17707285 276 1 1 1
17707885 277 1 1 1
17712796 277 1 1 0
17713289 276 1 1 0
17718296 277 1 1 1
17718527 276 1 1 1
17723807 277 1 1 0
17724311 276 1 1 0
17729098 277 1 1 1
17729729 276 1 1 1
17734739 276 1 1 0
17734970 277 1 1 0
17739794 277 1 1 1
17739948 276 1 1 1
17744487 277 1 1 0
17745796 276 1 1 0
17749839 277 1 1 1
17751181 276 1 1 1
17751274 277 1 1 0
17756244 276 1 1 0
17761915 276 1 1 1
17766122 276 1 1 0
17771030 276 1 1 1
17777617 276 1 1 0
17778070 277 1 1 1
17781357 277 1 1 0
17783684 276 1 1 1
17789048 276 1 1 0
17794895 276 1 1 1
17800959 276 1 1 0
17806164 276 1 1 1
17812104 276 1 1 0
17816955 276 1 1 1
17819443 277 1 1 1
17822466 276 1 1 0
17824587 277 1 1 0
17828071 276 1 1 1
17829297 277 1 1 1
17831990 276 1 1 0
17853330 277 1 1 0
17853981 276 1 1 1
17861692 277 1 1 1
17861701 276 1 1 0
17866763 276 1 1 1
17867366 277 1 1 0
17910103 276 1 1 0
17914894 276 1 1 1
17926724 276 1 1 0
17932384 276 1 1 1
17954893 276 1 1 0
17960135 276 1 1 1
17982503 276 1 1 0
17989446 276 1 1 1
18025249 276 1 1 0
18032368 276 1 1 1
18040079 276 1 1 0
18045579 276 1 1 1
18060946 276 1 1 0
18066237 276 1 1 1
18074584 276 1 1 0
18080442 276 1 1 1
18085903 276 1 1 0
18091629 276 1 1 1
18099358 276 1 1 0
18105491 276 1 1 1
18111643 276 1 1 0
18115026 276 1 1 1
18121642 276 1 1 0
18126935 276 1 1 1
18136142 276 1 1 0
18141873 276 1 1 1
18145699 276 1 1 0
18152503 276 1 1 1
18157436 276 1 1 0
18162773 276 1 1 1
18165576 276 1 1 0
18187538 276 1 1 1
18190579 276 1 1 0
18203543 276 1 1 1
18209644 276 1 1 0
18215733 276 1 1 1
18219995 276 1 1 0
18582233 276 1 1 1
18587217 276 1 1 0
